	PD_whole_tree	chao1	observed_otus	shannon	simpson
CS.219	33.28561	210.0	210.0	5.15962324277	0.943815285122
CS.295	31.66939	236.0	236.0	4.73281255026	0.901392139141
CS.025	31.9465	218.0	218.0	5.22900923964	0.93503268448
CS.230	27.24769	186.0	186.0	4.9342282806	0.930726888265
CS.142	34.12261	225.0	225.0	5.3425463748	0.960670317311
CS.238	33.26325	217.0	217.0	5.33972992848	0.946733074676
CS.333	33.08653	255.0	255.0	5.52369029987	0.962704953508
CS.036	33.26558	235.0	235.0	5.59375229393	0.961911378461
CS.111	32.75211	211.0	211.0	5.12789817545	0.946416499615
L.007.M1	34.31006	222.0	222.0	4.71996307182	0.911350794057
CS.104	29.3725	206.0	206.0	4.80731483623	0.926019801117
CS.365	29.67791	211.0	211.0	4.66584010933	0.888167604979
T.CS.141	29.54182	187.0	187.0	4.46029122379	0.917084449625
CS.351	31.61961	240.0	240.0	5.26518675978	0.946846548737
CS.379	29.34445	200.0	200.0	4.60697370568	0.931234330755
CS.138	32.40149	224.0	224.0	5.09731086623	0.935069103441
CS.070	25.99945	174.0	174.0	4.6507619567	0.930162941802
T.CS.007	31.91281	227.0	227.0	4.6285508249	0.931439643831
T.CS.144	32.43691	223.0	223.0	4.79105019306	0.926150348052
CS.346	29.7534	193.0	193.0	4.71084585697	0.92778748733
CS.119	25.23177	163.0	163.0	5.18475802775	0.948081182872
CS.300	34.39389	252.0	252.0	5.34403878866	0.957390432667
CS.169	36.9742	238.0	238.0	4.91070401303	0.886479858532
CS.130	33.27867	223.0	223.0	5.23764433773	0.944135565708
CS.290	30.02336	204.0	204.0	4.81520207562	0.924099325449
CS.360	29.87008	202.0	202.0	5.6155732618	0.966198014136
TFSCS020	40.10526	299.0	299.0	5.31553412109	0.9557487854
T.CS.092	35.38067	245.0	245.0	4.98996752476	0.906259169383
CS.191	37.69496	245.0	245.0	4.60190873356	0.884008957391
T.CS.147	33.26931	211.0	211.0	5.11441803466	0.936282899475
T.CS.093	38.0723	256.0	256.0	4.80920286874	0.905079917895
T.CS.073	36.41904	257.0	257.0	4.91026302332	0.914580284009
TFSCS025	39.23749	336.0	336.0	5.0748509717	0.946508351356
CS.343	29.60557	223.0	223.0	5.0995585154	0.949978701907
L.006.M5	37.66293	261.0	261.0	5.14652744189	0.920674992525
T.CS.100	33.82508	238.0	238.0	5.45975386177	0.948002207359
CS.302	28.98127	216.0	216.0	4.86552117362	0.944518983781
T.CS.008	30.06543	188.0	188.0	4.27659496277	0.857753688627
CS.193	35.24629	236.0	236.0	5.43667707042	0.963692790531
CS.196	34.32253	259.0	259.0	4.8214983105	0.936216776808
IMP000.L.T36	32.34206	241.0	241.0	5.3613275667	0.952245877542
T.CS.047	37.65966	258.0	258.0	5.50395349319	0.957229779408
T.CS.137	39.69751	257.0	257.0	5.68457549552	0.969031215971
CS.113	26.19354	166.0	166.0	4.47788686453	0.900332286228
TFSCS028	38.67722	277.0	277.0	4.82334088385	0.919430352033
CS.003	35.3463	208.0	208.0	4.946243009	0.920808579864
T.CS.009	41.58446	290.0	290.0	4.9876817731	0.922676400678
CS.190	37.48921	257.0	257.0	5.32150881028	0.949577213519
CS.159	34.92812	230.0	230.0	4.91922872528	0.929817587014
CS.205	27.76383	189.0	189.0	4.87319640818	0.936806680746
L.025.M2	28.07739	219.0	219.0	5.16244521569	0.938127584189
IMP000.L.T30	30.28926	229.0	229.0	5.02871637901	0.941229395378
T.CS.133	44.54311	329.0	329.0	5.58027154769	0.963382301369
L.008.M5	33.41854	252.0	252.0	5.69313266516	0.964333261822
IMP000.L.T05	35.54123	259.0	259.0	5.35728404529	0.950169886322
TFSCS021	36.00874	287.0	287.0	5.49019678311	0.955066987595
T.CS.042	33.40928	237.0	237.0	5.08185520612	0.913274113778
CS.163	28.76292	208.0	208.0	4.94317568378	0.941783000852
IMP000.L.T03	29.51055	227.0	227.0	5.21602861092	0.946210625126
L.005.M5	33.39439	241.0	241.0	4.68014306448	0.918724686795
CS.099	29.86644	202.0	202.0	4.41516682036	0.857003261251
CS.274	34.93676	235.0	235.0	5.03660755868	0.944453662421
CS.139	25.91616	194.0	194.0	4.74366524363	0.927143545574
L.012.M1	33.31235	231.0	231.0	5.43224086122	0.963531447709
IMP000.L.T26	43.1233	335.0	335.0	5.26169386207	0.951414561767
IMP000.L.T40	28.83448	220.0	220.0	5.19391380655	0.943488355618
T.CS.084	29.09562	200.0	200.0	5.00897884727	0.922560758388
CS.151	34.86285	224.0	224.0	5.43538640408	0.954022130171
CS.269	25.46956	163.0	163.0	4.55141919827	0.928304334814
TFSCS024	34.25545	270.0	270.0	4.94434484666	0.940992640796
L.008.M4	35.59218	271.0	271.0	5.60784678	0.963673118072
T.CS.096	35.13444	232.0	232.0	4.94197488304	0.924706868946
L.006.M3	35.77155	241.0	241.0	5.03313760401	0.936052724499
CS.334	31.1092	209.0	209.0	5.16752849396	0.952961398457
L.012.M3	27.52715	179.0	179.0	5.12415929491	0.944606580409
IMP000.L.T27	32.11333	243.0	243.0	5.16461597329	0.949830651335
T.CS.098	37.47588	261.0	261.0	5.31039149537	0.946551653156
CS.033	33.55932	230.0	230.0	5.30755802263	0.952427005988
CS.282	32.1169	224.0	224.0	5.04896400589	0.946735924278
CS.335	28.04788	202.0	202.0	4.45197689556	0.926533516522
T.CS.049	34.97198	260.0	260.0	5.01293259322	0.939763858934
CS.011	38.56446	260.0	260.0	5.56878362146	0.950336783722
L.004.M6	35.76133	241.0	241.0	4.931951401	0.925793698865
L.005.M6	29.42663	207.0	207.0	4.54961444447	0.906196477772
CS.137	43.07354	311.0	311.0	5.13928770203	0.949109885912
CS.001	35.70307	227.0	227.0	5.46297307673	0.959996205927
L.005.M4	33.54145	238.0	238.0	4.87986391953	0.921529618162
L.006.M2	33.88991	210.0	210.0	4.91487607789	0.943654933107
CS.141	32.96761	237.0	237.0	5.11958234052	0.941009067987
T.CS.020	54.95719	352.0	352.0	5.44847361185	0.956353784884
L.006.M6	42.10299	297.0	297.0	5.55318633125	0.954575804802
CS.296	36.10934	238.0	238.0	4.93435367438	0.928981559947
CS.092	34.57655	231.0	231.0	5.58115733148	0.959861547278
L.007.M6	39.30992	248.0	248.0	4.87361981187	0.923061209288
T.CS.149	30.69715	196.0	196.0	5.01857602682	0.934530274899
T.CS.097	30.72192	207.0	207.0	4.64373767539	0.90944491448
L.004.M3	36.39581	232.0	232.0	5.2426612976	0.948448151948
L.006.M1	30.34781	220.0	220.0	5.57003079686	0.96190630855
L.007.M4	34.31398	210.0	210.0	5.22459322499	0.945650233389
L.012.M6	32.44588	208.0	208.0	5.6849164377	0.971299598898
CS.260	32.6989	212.0	212.0	5.14048483525	0.946846298746
L.025.M6	31.89889	258.0	258.0	5.05808926156	0.942386092188
L.004.M4	35.41458	234.0	234.0	4.86192287254	0.913343238648
CS.109	37.36185	253.0	253.0	5.38188703006	0.938986906606
CS.007	32.37496	214.0	214.0	4.55769514805	0.885312638407
CS.366	23.23022	160.0	160.0	4.58444317558	0.923104323262
T.CS.139	41.50751	302.0	302.0	5.18508947303	0.933591549107
T.CS.014	38.1837	247.0	247.0	5.21463069341	0.94505905333
T.CS.069	48.42839	346.0	346.0	5.46097555761	0.953382581098
T.CS.081	33.86272	268.0	268.0	4.739177411	0.917764075694
CS.297	33.96901	233.0	233.0	4.5931376679	0.896343895035
T.CS.090	27.04587	167.0	167.0	4.13937188677	0.860354365625
IMP000.L.T19	34.87488	251.0	251.0	5.21686125039	0.945892041158
T.CS.071	36.11099	266.0	266.0	4.85297577163	0.913001644468
T.CS.003	40.52313	297.0	297.0	4.92292060193	0.932952307969
TFSCS027	37.62225	309.0	309.0	4.45160466795	0.912015684949
T.CS.087	28.77381	182.0	182.0	4.36919360822	0.903325024448
CS.098	28.92527	163.0	163.0	5.25773804961	0.953234858603
L.025.M5	33.00403	250.0	250.0	5.3815790559	0.956890055099
T.CS.018	32.84107	243.0	243.0	5.18609031271	0.94167727204
IMP000.L.T17	31.7292	242.0	242.0	5.29085008481	0.950144728417
L.012.M2	31.33532	233.0	233.0	5.37655092615	0.956914386704
IMP000.L.T02	34.74417	269.0	269.0	5.52534956675	0.956024584477
CS.047	24.97274	162.0	162.0	4.97787276454	0.945833099484
CS.083	37.86415	277.0	277.0	5.87372824344	0.968783803768
CS.009	24.84901	165.0	165.0	5.12887938146	0.955649637024
CS.042	26.32471	173.0	173.0	4.89802400275	0.925838904795
IMP000.L.T18	31.21038	244.0	244.0	5.43525027322	0.953243340553
L.007.M2	38.58467	253.0	253.0	5.20727626265	0.949700964816
CS.140	33.83826	254.0	254.0	5.42578022401	0.956136276255
TFSCS023	42.87113	337.0	337.0	5.17238859249	0.948465297915
L.008.M6	32.11816	226.0	226.0	5.31019426464	0.946566123519
CS.231	28.67531	217.0	217.0	5.89612470098	0.972962677038
CS.341	35.63022	261.0	261.0	4.81208397032	0.930144443589
CS.322	33.88843	224.0	224.0	5.22119318335	0.952585883373
IMP000.L.T20	31.27744	241.0	241.0	5.45302981887	0.956889426382
CS.321	30.47087	199.0	199.0	4.26417104	0.873276521515
CS.155	33.79933	254.0	254.0	5.45480838897	0.957563868656
T.CS.143	34.73913	250.0	250.0	4.89460343913	0.909863855109
T.CS.140	28.13924	208.0	208.0	4.56733088109	0.90719774011
IMP000.L.T29	35.61942	265.0	265.0	5.35052516523	0.954775264427
CS.213	27.35511	188.0	188.0	5.22272727227	0.956606618435
CS.029	31.71067	200.0	200.0	5.59781919788	0.964580916467
CS.060	29.6009	198.0	198.0	5.32258633696	0.960722870921
L.008.M1	30.22712	225.0	225.0	4.75949546144	0.926151861581
CS.203	27.20755	189.0	189.0	4.50166800042	0.887207002338
TFSCS026	32.98297	267.0	267.0	4.99089021227	0.927812000421
T.CS.099	34.91716	237.0	237.0	4.84848710022	0.912155751921
T.CS.043	33.63061	239.0	239.0	4.83514029579	0.918742454231
CS.135	27.6795	191.0	191.0	5.50992645453	0.960872637448
CS.318	31.8037	224.0	224.0	5.26608523828	0.951083515624
IMP000.L.T10	32.36573	249.0	249.0	5.27922007929	0.94591879667
T.CS.051	40.75138	275.0	275.0	4.73912023616	0.915815045688
T.CS.061	35.24504	271.0	271.0	5.39329702072	0.947839841013
TFSCS022	44.14865	330.0	330.0	5.39310058499	0.946996897106
L.025.M4	29.70573	224.0	224.0	5.06372414102	0.937345419873
CS.380	33.44978	222.0	222.0	4.99973343089	0.936102220229
T.CS.136	35.4082	254.0	254.0	4.30119640338	0.865960135157
T.CS.145	42.83566	291.0	291.0	4.47111000744	0.893808239569
CS.061	22.07723	119.0	119.0	4.00305859099	0.873249663608
CS.101	29.03828	165.0	165.0	4.96062976608	0.918756536706
CS.068	26.75297	182.0	182.0	4.62774265581	0.926004990275
CS.293	36.99774	240.0	240.0	4.61794226719	0.914079062539
CS.382	29.82924	219.0	219.0	5.53036514571	0.961591075678
T.CS.150	32.44316	224.0	224.0	4.71557814496	0.911187337152
CS.136	32.70122	234.0	234.0	5.68579644262	0.965487101148
T.CS.030	27.71108	214.0	214.0	5.12402168155	0.94620986162
CS.015	22.39349	139.0	139.0	4.01420034193	0.878042560955
CS.305	33.89922	226.0	226.0	4.76549432986	0.902496797496
T.CS.065	34.17329	214.0	214.0	4.56654043458	0.9092455633
CS.112	27.77611	193.0	193.0	5.14934168835	0.939998569727
CS.004	25.68728	179.0	179.0	5.44448998022	0.959143622261
IMP000.L.T28	31.18965	246.0	246.0	5.42631270877	0.955628463518
CS.167	28.25745	161.0	161.0	4.36911185849	0.889847867365
CS.198	33.83876	248.0	248.0	4.88470605418	0.928109432734
L.025.M1	26.99146	195.0	195.0	5.18365296342	0.953523198242
CS.339	30.59431	192.0	192.0	4.28430245825	0.896926442503
T.CS.151	31.65444	215.0	215.0	4.50866032387	0.904448044173
CS.123	30.83458	181.0	181.0	4.1773963504	0.851990666333
CS.168	35.8812	254.0	254.0	5.47668327857	0.948809913653
CS.091	29.44342	195.0	195.0	5.27848843074	0.956589491925
L.011.M1	31.3074	205.0	205.0	5.09089444072	0.940987166936
CS.176	30.32532	216.0	216.0	5.25330309534	0.944535051534
CS.008	30.2357	187.0	187.0	5.10144571035	0.940626883343
T.CS.067	38.32799	277.0	277.0	4.26184433152	0.876268124451
CS.037	22.5842	151.0	151.0	4.94176409355	0.944116776283
CS.158	29.11717	199.0	199.0	5.49595598205	0.962929366731
CS.072	41.22522	305.0	305.0	5.51768752697	0.947223552033
CS.218	34.75114	224.0	224.0	5.67734428865	0.96147835019
CS.132	29.31602	192.0	192.0	5.60655543068	0.961992020999
CS.161	27.91308	197.0	197.0	5.17778214465	0.950917267408
CS.030	33.76116	210.0	210.0	5.12936414834	0.929337082064
IMP000.L.T09	33.08378	238.0	238.0	5.10653695771	0.935486605387
CS.118	27.52738	186.0	186.0	4.72319394246	0.910579473213
CS.057	29.17237	189.0	189.0	5.32641001104	0.95442801369
CS.085	37.4585	266.0	266.0	5.86026053598	0.968529234536
CS.020	23.37914	151.0	151.0	5.06199431465	0.945408400931
T.CS.094	35.90953	224.0	224.0	4.36462427524	0.89117113484
CS.053	36.10995	251.0	251.0	5.703924296	0.961498602402
IMP000.L.T04	33.57579	233.0	233.0	5.31198631814	0.95133986048
T.CS.095	34.04154	219.0	219.0	4.90075258259	0.925495360965
CS.096	30.88177	203.0	203.0	5.57582562545	0.965040891483
CS.078	26.04357	159.0	159.0	4.76140138795	0.933157556108
T.CS.138	34.51786	214.0	214.0	4.86739851009	0.933029886206
CS.013	39.17494	266.0	266.0	5.60073526096	0.946645594216
CS.059	39.42905	247.0	247.0	5.41669983081	0.956336214982
CS.240	33.52625	222.0	222.0	4.87494750344	0.929398024176
CS.117	31.57784	219.0	219.0	4.65107641861	0.895018171331
CS.019	26.44095	179.0	179.0	4.64897786581	0.907330472767
T.CS.135	34.30607	270.0	270.0	5.32679726528	0.955562931933
T.CS.142	35.72407	238.0	238.0	4.61848430027	0.913312393406
IMP000.L.T39	31.54205	247.0	247.0	5.32024439754	0.952454605798
CS.022	25.41843	176.0	176.0	4.90059820156	0.94569844931
CS.143	31.03911	215.0	215.0	5.43726938485	0.95546978111
CS.052	33.45428	237.0	237.0	5.3170431881	0.944397897168
CS.110	29.92232	209.0	209.0	4.95797954771	0.932699207919
CS.040	30.51067	178.0	178.0	4.57803753777	0.900979952751
CS.362	31.63522	224.0	224.0	4.88267028222	0.930056298784
T.CS.013	35.44529	263.0	263.0	4.64016379337	0.91099338827
CS.106	33.7058	239.0	239.0	5.65253194173	0.95938746687
CS.174	33.74571	208.0	208.0	4.96972106238	0.933067413906
CS.056	23.66853	166.0	166.0	5.55325088448	0.961078969455
CS.347.0	29.01883	186.0	186.0	5.19257709252	0.951330701087
CS.028	34.3017	236.0	236.0	5.49406434662	0.954946730674
CS.093	31.89178	214.0	214.0	5.01151117555	0.923422117277
L.012.M5	27.92152	201.0	201.0	5.06465380631	0.94944732288
L.005.M2	31.23831	230.0	230.0	4.8148371909	0.918209124155
CS.350	31.06255	226.0	226.0	5.08653669041	0.935348120362
CS.058	35.48722	251.0	251.0	5.66165967685	0.966428493896
CS.357	31.13041	220.0	220.0	4.49959827533	0.903400358893
L.004.M2	32.91034	203.0	203.0	4.6066751696	0.91013577076
CS.188	29.74529	228.0	228.0	4.93030999943	0.935504767947
CS.105	36.72962	243.0	243.0	4.83461498963	0.910267818847
T.CS.134	43.96264	286.0	286.0	4.49440685989	0.884673952167
T.CS.148	34.82605	233.0	233.0	4.70615882555	0.917321488995
CS.165	28.36147	199.0	199.0	5.14366235192	0.951038632671
CS.012	33.74751	214.0	214.0	5.49780651725	0.958782349967
CS.016	27.15737	181.0	181.0	4.86819436447	0.9103594675
CS.051	25.52706	173.0	173.0	5.37658756817	0.958964213527
CS.021	29.59236	209.0	209.0	5.38345746014	0.955170647566
L.008.M3	29.25584	213.0	213.0	3.82445001904	0.860559734732
CS.328	27.58142	187.0	187.0	4.36445547816	0.91677779742
CS.115	27.7268	196.0	196.0	5.17904527836	0.955450635771
CS.356	35.11292	254.0	254.0	4.59608800233	0.912331515806
L.008.M2	29.90149	217.0	217.0	4.97194696854	0.931646005323
CS.063	30.9111	200.0	200.0	5.40364616839	0.95219056268
T.CS.045	33.15727	211.0	211.0	4.41387403735	0.880012499808
CS.044	29.74419	203.0	203.0	4.67394737268	0.906088032326
CS.055	28.54789	202.0	202.0	5.17578020961	0.943447379084
CS.065	28.04627	202.0	202.0	5.11854054916	0.944082789143
CS.102	34.92243	230.0	230.0	4.66171051169	0.892144090712
CS.259	34.07251	219.0	219.0	4.56795036529	0.904004668773
CS.108	29.69397	181.0	181.0	4.30158570856	0.872355770214
CS.251	28.2877	189.0	189.0	4.57449499472	0.88359240998
CS.064	33.19163	225.0	225.0	5.52690541775	0.96322938623
CS.045	26.78073	201.0	201.0	5.48221163	0.957879065912
CS.071	30.60157	204.0	204.0	5.29144562621	0.950805807231
CS.062	31.65467	204.0	204.0	4.66051919848	0.89112697314
CS.199	29.05421	192.0	192.0	5.09444302415	0.94558774693
CS.032	26.95594	170.0	170.0	4.13393493194	0.883144575597
CS.046	31.96667	206.0	206.0	4.84575225775	0.916013839507
CS.131	34.61038	248.0	248.0	5.81235469463	0.963795121875
CS.089	33.62707	250.0	250.0	5.32632407241	0.926360735366
L.006.M4	36.12882	268.0	268.0	4.89513170715	0.938098024737
CS.002	29.93668	210.0	210.0	5.5582625233	0.960579354428
CS.235	32.65381	225.0	225.0	5.50498030596	0.949186752425
CS.075	28.72188	189.0	189.0	5.18090919949	0.938429855337
CS.332	31.86337	215.0	215.0	4.63279552678	0.928905541023
T.CS.088	33.33613	245.0	245.0	4.98329996666	0.931739396135
T.CS.146	29.28513	198.0	198.0	4.93362265959	0.933539770034
CS.172	33.45252	208.0	208.0	4.88611993932	0.914515239069
CS.090	34.64467	226.0	226.0	5.17370229921	0.942341835894
CS.027	30.036	180.0	180.0	4.37638892863	0.860148263841
CS.275	33.88849	259.0	259.0	5.57564670514	0.965870937783
L.007.M5	37.74695	248.0	248.0	5.26336988059	0.949293558511
T.CS.004	35.26277	266.0	266.0	5.12375296435	0.944626901374
CS.229	27.28023	181.0	181.0	5.12083992798	0.946721165685
CS.005	37.56232	246.0	246.0	5.48799449677	0.949532339172
CS.124	24.76795	159.0	159.0	5.0927765656	0.948424495305
L.005.M3	33.17785	226.0	226.0	4.86165649851	0.920415183212
CS.283	26.42369	169.0	169.0	5.27831807348	0.958258505479
CS.031	30.36381	181.0	181.0	4.61424118579	0.92849578929
CS.024	40.30959	289.0	289.0	5.76134080524	0.960157896646
L.012.M4	28.48695	193.0	193.0	4.93672873917	0.936161753323
CS.082	39.7883	277.0	277.0	5.72832793322	0.956547395946
L.004.M1	36.47623	243.0	243.0	5.20102616239	0.93759608705
CS.311	24.88754	169.0	169.0	4.68949288238	0.895487703643
CS.301	33.80964	258.0	258.0	5.427022984	0.954299552826
CS.077	30.21318	195.0	195.0	4.76880799068	0.919580717584
CS.249	28.74518	204.0	204.0	5.24559088035	0.956635022925
IMP000.L.T06	39.18685	296.0	296.0	5.5704151291	0.958422950272
CS.080	30.23638	203.0	203.0	4.86097497107	0.93636363246
CS.170	26.81525	163.0	163.0	4.97192204029	0.936826364565
L.005.M1	33.80083	256.0	256.0	4.89999316777	0.923180638384
CS.156	24.45463	145.0	145.0	4.53231676621	0.926620904042
CS.247	34.00254	225.0	225.0	5.62876235274	0.963106062652
CS.345.0	25.5624	166.0	166.0	4.43686394313	0.915639429675
CS.076	32.90542	216.0	216.0	5.11148721321	0.946525011253
CS.285	26.04145	179.0	179.0	5.12197230945	0.956259903285
CS.097	34.03041	237.0	237.0	5.17135746106	0.945196896243
CS.079	25.79646	179.0	179.0	5.11378492456	0.944234375059
CS.286	27.82255	189.0	189.0	5.30265573784	0.956632274005
CS.194	28.61333	201.0	201.0	4.54384085496	0.928736302464
CS.222	31.40596	221.0	221.0	5.04716757637	0.948741865077
CS.358	24.90607	162.0	162.0	4.40114620056	0.906090966355
CS.026	33.44633	209.0	209.0	5.70667544179	0.95979627314
IMP000.L.T37	30.72411	224.0	224.0	5.20838639706	0.942616164443
CS.067	26.12315	161.0	161.0	4.69877179704	0.935741315115
CS.227	24.0904	162.0	162.0	4.74182702559	0.937084532832
CS.388	26.59499	206.0	206.0	4.84855773031	0.94143283973
CS.319	27.87025	218.0	218.0	5.07222869993	0.940014770625
T.CS.023	35.05868	249.0	249.0	4.91739158152	0.945453394385
CS.043	31.26804	211.0	211.0	5.58638282155	0.961885048395
T.CS.070	34.4881	242.0	242.0	5.02468108298	0.915868912306
L.004.M5	34.39923	235.0	235.0	4.8781191969	0.921445467538
CS.312	30.35713	199.0	199.0	5.53501997963	0.961189685005
CS.154	22.59052	132.0	132.0	4.40079829516	0.927566423852
CS.241	31.27058	180.0	180.0	4.76947891447	0.9227724233
CS.114	29.94444	208.0	208.0	5.69863288238	0.96794667395
CS.224	29.64389	197.0	197.0	4.33128240897	0.892099342734
CS.018	24.80866	150.0	150.0	4.69566246212	0.920120768464
CS.122	28.28494	173.0	173.0	4.65506624958	0.891605356449
CS.233	35.85404	248.0	248.0	5.25990348536	0.952255104565
IMP000.L.T38	32.58403	241.0	241.0	5.14391147921	0.943870374753
CS.173	26.58766	152.0	152.0	4.52939393342	0.89288280854
TFSCS029	35.21544	252.0	252.0	4.73463747834	0.935801816797
CS.088	21.10213	124.0	124.0	4.34805953903	0.903489643376
CS.284	26.80547	201.0	201.0	5.39908925705	0.958942269082
CS.200	36.38206	258.0	258.0	6.25735132869	0.977116330963
CS.232	39.27773	265.0	265.0	5.820694221	0.96293589615
CS.039	28.31291	196.0	196.0	5.38385815575	0.954012357229
CS.103	33.73317	223.0	223.0	5.59022188982	0.958572835378
CS.237	34.61797	261.0	261.0	5.24909933982	0.940212692942
CS.160	30.34864	214.0	214.0	5.02148821725	0.926752378024
CS.153	33.45154	248.0	248.0	5.42765103453	0.940352310838
CS.038	23.24461	143.0	143.0	4.18850821418	0.826769221611
CS.120	33.33518	223.0	223.0	5.32882904833	0.94363194741
CS.308.0	27.47894	180.0	180.0	4.43151494983	0.912619333822
L.025.M3	31.23695	230.0	230.0	5.18540290852	0.938495687498
CS.239	34.77452	237.0	237.0	5.53207451873	0.950845966843
CS.175	26.05549	168.0	168.0	4.16808452718	0.90880043155
CS.294	27.85994	181.0	181.0	3.68533572686	0.863419248401
CS.298	31.11809	212.0	212.0	5.35682024041	0.945864897577
CS.325	25.73603	169.0	169.0	4.42833356878	0.925133107108
T.CS.089	42.6228	284.0	284.0	5.26090111886	0.939793586005
CS.023	33.46663	225.0	225.0	5.06350970477	0.921271768216
CS.084	33.69806	229.0	229.0	5.80625961324	0.967064105927
CS.171	36.37194	223.0	223.0	4.6210010437	0.857517398094
CS.074	30.66445	167.0	167.0	4.62798693044	0.886760672754
CS.035	31.0514	199.0	199.0	4.81229433447	0.905227800289
CS.006	31.45718	212.0	212.0	4.83875212889	0.910726497016
CS.248	32.56925	220.0	220.0	5.86174648828	0.971366483778
CS.292	29.81302	201.0	201.0	5.25065179376	0.947958969906
CS.066	26.81912	155.0	155.0	4.2370077482	0.856875434161
CS.087	29.49062	196.0	196.0	4.40668939108	0.882468429425
CS.094	20.7595	130.0	130.0	4.03773966992	0.867300607192
CS.050	26.89121	164.0	164.0	5.25579848274	0.953683442621
CS.049	22.53174	140.0	140.0	4.27639004157	0.907400744947
CS.086	29.66666	210.0	210.0	5.11491309893	0.929732192482
CS.217	34.06165	238.0	238.0	5.26336823359	0.936878111524
CS.095	32.05262	240.0	240.0	5.30979698488	0.944490790261
CS.041	25.92752	178.0	178.0	4.65682467276	0.906785779433
CS.220	26.49444	180.0	180.0	4.530506546	0.895065700604
CS.236	24.80594	148.0	148.0	4.68209851245	0.932427378929
CS.017	24.71998	167.0	167.0	4.56777952823	0.896037403835
CS.133	31.32181	197.0	197.0	4.85817847955	0.933438279595
CS.014	37.29295	241.0	241.0	5.14012347125	0.910263390922
CS.228	30.84984	214.0	214.0	5.16161225549	0.940464978695
CS.164	27.23588	199.0	199.0	4.28590632923	0.912863625455
