	Aerobic	Anaerobic	Contains_Mobile_Elements	Facultatively_Anaerobic	Forms_Biofilms	Gram_Negative	Gram_Positive	Pathogenic	Stress_Tolerant
CS.001	0.0364366891153393	0.824247690736051	0.211957814659098	0.0697779641871397	0.167111725454264	0.151071761560622	0.848928238439378	0.361284355379223	0.0352248799198697
CS.002	0.0124880014218921	0.935389838720281	0.138685842312469	0.0219227987223515	0.0567573347123724	0.119563961102632	0.880436038897368	0.392388638863286	0.0130771466536646
CS.003	0.017690913320364	0.897523260425147	0.194836283159497	0.0442762920376031	0.116647347685717	0.136569922175815	0.863430077824185	0.346357443141061	0.0225750677756856
CS.004	0.00940482352160363	0.943596465357741	0.140777666013856	0.0232246160219548	0.0618223891577871	0.103952566849049	0.89604743315095	0.390724070777742	0.00798379047550003
CS.005	0.0183886002581407	0.890961230092986	0.19724210911678	0.0417909561723574	0.133868056102442	0.148858553833433	0.851141446166566	0.351601014289078	0.0264719816380106
CS.006	0.0387130606805431	0.833693379077219	0.328559282252353	0.0957643005798325	0.249155210397234	0.233400803074037	0.766599196925963	0.386361204846153	0.0931099109182638
CS.007	0.0175512134192583	0.923147520873502	0.205270164743703	0.0247426078940864	0.154718965598259	0.146730432974518	0.853269567025482	0.333526697133005	0.0140643799064733
CS.008	0.0219338302492688	0.874310831100224	0.282327934396699	0.0572340970934752	0.183923060816327	0.1700852301981	0.829914769801899	0.292474141985882	0.0325621572827091
CS.009	0.00966736686511143	0.944485013366741	0.214909840804786	0.0315402765919532	0.139095617356822	0.130185501189814	0.869814498810185	0.244500668091658	0.0204155608282607
CS.010	0.0314040991288968	0.812058493998115	0.253244183828367	0.126657207676286	0.10649686410835	0.211094526518878	0.788905473481122	0.386508040416079	0.0613757630883265
CS.011	0.0283783011246728	0.840022301505585	0.243634692281973	0.0428880423824225	0.207609917288919	0.210051625946122	0.789948374053877	0.3792098484887	0.0278401976558582
CS.012	0.025050396146451	0.841409794798917	0.233381025288442	0.0445360404560879	0.183501621786844	0.144788608371996	0.855211391628004	0.286598653031865	0.0351307880214298
CS.013	0.0284564163129978	0.861854226464852	0.2310508430513	0.0555592521454231	0.146196345486723	0.180842187045	0.819157812955	0.356548100643357	0.0427689291180137
CS.014	0.016022371094291	0.880089320832743	0.210453088744957	0.0627708924895721	0.127308196351342	0.14805757881089	0.851942421189109	0.37258758268755	0.0298857552065042
CS.015	0.0162213807222852	0.930472905522671	0.309848486195813	0.0278756357103817	0.233053110837156	0.157057371684407	0.842942628315593	0.329378224793719	0.0322174660942909
CS.016	0.012085715418852	0.901069650458585	0.207015022104053	0.0508585457093243	0.104269720882733	0.160502963907485	0.839497036092514	0.330312615793693	0.0385393042986351
CS.017	0.0123531262174917	0.92782074280035	0.168929853911401	0.0318056618260045	0.0844957996725171	0.13567753917438	0.86432246082562	0.384249464939869	0.0224177454912325
CS.018	0.00816885619230436	0.944951977307091	0.161181520209899	0.0207814286095315	0.13409260801259	0.0697685798897885	0.930231420110211	0.294081143574062	0.0170883780068939
CS.019	0.0152153551020573	0.921518185154835	0.214860110342588	0.0387067792489322	0.131203865802219	0.150798500095729	0.849201499904271	0.336815032659108	0.0206819110124616
CS.020	0.013839209893295	0.940791593423457	0.15730578280965	0.0262458659819484	0.0761910029728043	0.106953973595117	0.893046026404883	0.348235529917552	0.0220548865334534
CS.021	0.0293665941759271	0.865828858321501	0.230276194905502	0.0744382688952756	0.170258083489258	0.206065634756772	0.793934365243228	0.383290041401227	0.0626366991125833
CS.022	0.0214333691613335	0.925647467768291	0.229583624355146	0.0302040531992966	0.14870989218982	0.159215218917395	0.840784781082605	0.376364949784384	0.0381435755096789
CS.023	0.0177518566714393	0.895697409432382	0.254290543510203	0.0444699359588365	0.166529186845223	0.165547004615444	0.834452995384557	0.327578975642961	0.0261641204647684
CS.024	0.0288562442027607	0.840236784434199	0.228491999123656	0.0621451734551712	0.144293044961975	0.178487517801592	0.821512482198409	0.370075431904371	0.036273845018712
CS.025	0.018631619620188	0.881261174315215	0.265949858803578	0.0566511621596576	0.171783438976458	0.142303219838113	0.857696780161886	0.311189270657746	0.0373907167986778
CS.026	0.0137745699352131	0.910719529234643	0.191920457419767	0.0472826704641487	0.100918651248043	0.152405076123601	0.847594923876398	0.366197089429194	0.0255351470254695
CS.027	0.0141702831747162	0.921244654256777	0.231706078087899	0.0341918770715183	0.136648221484772	0.158915583328562	0.841084416671437	0.348028846201585	0.0305737324548131
CS.028	0.0137689118049849	0.893711863947142	0.19254707477675	0.050903139615836	0.107923535044069	0.18794031941977	0.81205968058023	0.395179338707588	0.038854842042475
CS.029	0.0116711359721731	0.893703506381864	0.210872834479115	0.0527510413099326	0.139631251779901	0.118383187807355	0.881616812192645	0.321865230303133	0.0306904804259232
CS.030	0.0158330790115127	0.908952068349971	0.162776905468003	0.0236690180829142	0.11110653438488	0.183444167200534	0.816555832799465	0.385312057374444	0.0145540394854196
CS.031	0.0117764462571942	0.916940183006204	0.185841739114701	0.0208655601919095	0.158482912167858	0.197114014033224	0.802885985966776	0.384725898741336	0.0119209614068634
CS.032	0.00660101296617808	0.92550822724712	0.172398707301759	0.0529190742781106	0.180658349238277	0.171533122234667	0.828466877765334	0.311023089445491	0.0396007631653411
CS.033	0.0254682353600348	0.905393532459259	0.193167676739999	0.0365647836435407	0.153038440917469	0.186055686604149	0.813944313395852	0.36697957445209	0.0354251404258466
CS.035	0.017342983214523	0.858742057816164	0.219610335348766	0.0826009308642574	0.148147635045568	0.228085682964217	0.771914317035783	0.389510185285108	0.0776732031106849
CS.036	0.0420384040962527	0.855077662283472	0.246305648654977	0.0465847036926388	0.146350005934591	0.148223703476767	0.851776296523233	0.266382962336156	0.017625852645916
CS.037	0.0223336569475105	0.903975234031057	0.251618416082611	0.053262300937422	0.12533519524098	0.167103629618819	0.832896370381182	0.262785221060657	0.0430093610329393
CS.038	0.0108299381644619	0.921479403635928	0.222891286510334	0.036064791110542	0.118288051828336	0.151184469524839	0.84881553047516	0.306342111197865	0.020623030046385
CS.039	0.0145862165192482	0.926980605410142	0.155873236054199	0.0280155654281968	0.0719264459707466	0.127884576427054	0.872115423572946	0.297161885914551	0.0143326853750165
CS.040	0.00899484972821067	0.923381656896366	0.160487586330979	0.0288086141737459	0.0786930355229171	0.129413069065247	0.870586930934753	0.404008331365757	0.0181737754105379
CS.041	0.0103397147267647	0.933028347230814	0.193842814771514	0.0309674662188059	0.0897519348723598	0.228179893648103	0.771820106351897	0.425294885558497	0.0174797975522908
CS.042	0.00957949739335632	0.896751605897685	0.182234637492046	0.0617495746347312	0.15162134728237	0.154471614279124	0.845528385720875	0.335157985626423	0.046309417442809
CS.043	0.0140288524343598	0.90362688144758	0.190362831991422	0.053229926448776	0.0992507685164877	0.156256422269752	0.843743577730248	0.338725854374802	0.0269124329333425
CS.044	0.0212421868163973	0.915444189480516	0.197286696342055	0.0384207803040589	0.0986295932583861	0.145158612886964	0.854841387113035	0.266502139967333	0.0251847747885856
CS.045	0.0107199234759449	0.922448336806042	0.166423967695847	0.0312598468806022	0.0847847773189335	0.122749681321118	0.877250318678882	0.362425738823566	0.00744168753918826
CS.046	0.0226032597893802	0.876800088395263	0.1875942019348	0.0496386377979906	0.107377288909405	0.23979633205451	0.76020366794549	0.425074168748675	0.0299950243975159
CS.047	0.0134858337630133	0.957990569814632	0.14903938616364	0.0172051853593065	0.120237606204829	0.133922186639162	0.866077813360838	0.319092264633688	0.0127884718992565
CS.049	0.0195161954812295	0.914698166755618	0.317641261295654	0.0258961321288328	0.289969433957385	0.181227755045532	0.818772244954468	0.257123650956297	0.0160168799617365
CS.050	0.0186768427950329	0.913459017289534	0.16896765329952	0.0410361963036866	0.136738430522879	0.166623448403762	0.833376551596239	0.258833506217775	0.031418147540612
CS.051	0.0277050095454726	0.874330714113272	0.196466707907942	0.0695702852510047	0.0574690306958585	0.175304380199417	0.824695619800583	0.420506775369117	0.0188803298295542
CS.052	0.0172579197049296	0.876853951875009	0.244359638897314	0.0674695133984542	0.17029563263867	0.230582556740681	0.769417443259319	0.419333542907705	0.0551610823367703
CS.053	0.0248057098698425	0.907325818476103	0.177333471424165	0.0349744253284905	0.102069974791487	0.160394142737752	0.839605857262248	0.39376547760241	0.0233352124148964
CS.055	0.0145332153441968	0.944265769746762	0.17143926918278	0.0215793534996825	0.0970757838842619	0.124726312181987	0.875273687818014	0.312283073996391	0.0163367946871786
CS.056	0.0187172567934659	0.929803828193559	0.183376811612402	0.0308832825974909	0.101255364867253	0.133347095624285	0.866652904375716	0.427402885780726	0.0148336191989399
CS.057	0.0204809594526108	0.884976143200522	0.216898925388238	0.0486206182096492	0.122772941189791	0.188920182545663	0.811079817454337	0.40750831950226	0.0314672167696464
CS.058	0.0191155002546793	0.9178093447947	0.203896430127885	0.0392412590991294	0.121157267773686	0.151571568674165	0.848428431325835	0.366794824504039	0.0193785557148257
CS.059	0.0197318730792452	0.883815791368349	0.188753194114385	0.0323951159381781	0.103066279849768	0.195453734392924	0.804546265607076	0.387399725304353	0.0181976348008015
CS.060	0.0155643019121005	0.943075394593293	0.128856469270961	0.0217780805997555	0.0727840534193176	0.195113468590792	0.804886531409208	0.309169457954137	0.0125632519830343
CS.061	0.0103708656764591	0.967671295765335	0.157296855557162	0.0115181174992813	0.0994412348597279	0.171522698781804	0.828477301218196	0.288643002694872	0.0107540175828618
CS.062	0.0187877983824569	0.930717089404809	0.192267680610986	0.0294155276654577	0.123038766718175	0.178447581331977	0.821552418668022	0.309037915718367	0.0243971274812126
CS.063	0.0157069368494637	0.891336709570035	0.228703327566101	0.0573565155857606	0.148993515173175	0.142751875227109	0.857248124772891	0.306608359754842	0.0346867266602365
CS.064	0.0127124672872712	0.840859006047833	0.265608530199911	0.0854805386766031	0.157735227973728	0.136543069800903	0.863456930199097	0.320106886908838	0.0322876557863332
CS.065	0.034383912498129	0.917438666883653	0.226097963283522	0.0204426430878193	0.191855021431346	0.223074621378684	0.776925378621316	0.373555087548639	0.0217958588200028
CS.066	0.0152593282031717	0.896814463585473	0.202847388002324	0.057005623744586	0.111876959126501	0.205119824133725	0.794880175866275	0.323761341543699	0.0305986733762458
CS.067	0.0861292152022833	0.85048959062997	0.128819636659328	0.0369625725377785	0.115986293814866	0.270745792638653	0.729254207361347	0.294140876254503	0.01392833619991
CS.068	0.0221870991026875	0.946583691947996	0.238867506295561	0.0129779499222421	0.189012864403496	0.147821472455879	0.852178527544121	0.279182190384676	0.0140582085110166
CS.070	0.00348038644415288	0.906066635484792	0.219690094223627	0.0713811831100556	0.150589439083913	0.189176343744764	0.810823656255236	0.370857136137796	0.0466220577785707
CS.071	0.0146791094976152	0.944194443055263	0.19749847346365	0.0235923063878304	0.135621237828088	0.134765393228346	0.865234606771653	0.352547981991722	0.0153847247655114
CS.072	0.0214787495725191	0.893665452721713	0.220314021595153	0.0418978338959158	0.156474819765376	0.174303744994721	0.82569625500528	0.3686870682228	0.0324163185968889
CS.073	0.014461876198213	0.923718744895514	0.158601645424182	0.0215925496551832	0.11354636268601	0.16616990338481	0.83383009661519	0.29908541639191	0.0196894888195465
CS.074	0.0267607660838324	0.924222343119548	0.244637410226068	0.0199673070859699	0.147966384975294	0.164005908751721	0.83599409124828	0.293063801947983	0.0288808909440811
CS.075	0.0118187533781979	0.909949087006028	0.188955475617482	0.0306458153828186	0.120231714950267	0.187481516624527	0.812518483375473	0.469255905217215	0.0333309637296202
CS.076	0.0258578788623318	0.930252515815601	0.164218890183615	0.0253722848956823	0.124207367539125	0.155198443923419	0.844801556076582	0.340249476154387	0.0205089300894229
CS.077	0.00784539095821651	0.92602835717152	0.200541885757236	0.0412958680771284	0.132352207383868	0.137962889528348	0.862037110471652	0.280063262424378	0.0139563597698979
CS.078	0.0232621628029939	0.899661067653078	0.23915624907309	0.0430867348476696	0.131186719440185	0.188461478269515	0.811538521730485	0.287983186478942	0.0329352754957322
CS.079	0.0416207590031562	0.901821715164422	0.114726940686283	0.0160468531115844	0.105786469524744	0.14879448476746	0.851205515232541	0.367987993703431	0.0140314872991588
CS.080	0.014102823000824	0.940316321869145	0.173720845166863	0.028773580158698	0.117873011209692	0.138129418226083	0.861870581773917	0.28188025686669	0.0169610657999752
CS.082	0.0228515721183875	0.891084375262557	0.250036519834921	0.0439748118915725	0.173103368236941	0.170659186348849	0.829340813651152	0.368311120268504	0.0285653582138547
CS.083	0.0291872758954553	0.821781241024102	0.29961596903238	0.0805940304839099	0.215946400415456	0.221109002829026	0.778890997170974	0.375596411878397	0.0538543895729538
CS.084	0.0196094109623809	0.890818137723819	0.195572694663252	0.0420883976852348	0.100649816426855	0.139728158280497	0.860271841719503	0.331425440506775	0.0169915072033122
CS.085	0.0201872039629938	0.867054514981842	0.275516645344841	0.0679253665292773	0.187304819859946	0.17179768169709	0.82820231830291	0.365738196505796	0.0623595219500924
CS.086	0.0226793464550109	0.889278968350322	0.222471706423855	0.0459446281004701	0.152127044405318	0.163025585293854	0.836974414706146	0.304596938302774	0.0239030571266507
CS.087	0.015401956356913	0.87760829598279	0.258646513613036	0.0814435191673538	0.179332706907209	0.188175114559622	0.811824885440378	0.340742529107955	0.0669573380308752
CS.088	0.0219913883228321	0.938529178572261	0.223555933059318	0.0228419929323484	0.136278453203059	0.187997452255634	0.812002547744366	0.271563431457865	0.0292750667156171
CS.089	0.0278227450179898	0.86279515525343	0.221706145593412	0.0746959315152537	0.134142794347364	0.189325683580351	0.810674316419648	0.390789064735961	0.0350262198364606
CS.090	0.0187675317332784	0.913959722534635	0.158889455841456	0.0424498844808761	0.0804555022890949	0.134725692713293	0.865274307286706	0.369184842481024	0.02231472933734
CS.091	0.0192691593530717	0.891673189022232	0.221836244085538	0.0552426632912991	0.13314880268155	0.181420747652288	0.818579252347712	0.429407763283556	0.0356897120983037
CS.092	0.0140691497859409	0.869855831512915	0.301779418865986	0.0640503744538062	0.207674500210344	0.140694826550864	0.859305173449136	0.337349326985751	0.0291155199400161
CS.093	0.012273030761665	0.825228307230339	0.239507858164054	0.0836985013411352	0.131049331467975	0.206261257288522	0.793738742711479	0.355450545743738	0.0392497629666806
CS.094	0.016119326354335	0.910242974630157	0.21352806024769	0.0551285315752013	0.148666347658329	0.212005952362421	0.787994047637579	0.31052538433421	0.0517390949361415
CS.095	0.0245764093474271	0.868595781178456	0.245713659560493	0.064727246039898	0.163827726999982	0.142319521739107	0.857680478260894	0.350730772089561	0.0321551319782341
CS.096	0.0226663131687814	0.911249613666251	0.212988706539759	0.0375257587215276	0.133145610000704	0.149419587354366	0.850580412645635	0.31453947088848	0.0434632573844493
CS.097	0.0156681032523294	0.94160323629687	0.202251466171061	0.0231164469620288	0.151332390581195	0.115991992255271	0.88400800774473	0.296077344813458	0.0179776967235754
CS.098	0.0139798107273028	0.91741318226904	0.192724900974902	0.0242667741519361	0.0943216611470426	0.154737642811906	0.845262357188094	0.400543313456726	0.0109096308214042
CS.099	0.0226857465618504	0.86664317691145	0.251982197423913	0.0782758183214268	0.183716929216511	0.22371407414103	0.77628592585897	0.383462750187185	0.063858448965001
CS.101	0.0199278682851308	0.914931758340463	0.217189067268292	0.031919499035955	0.136506843188513	0.16927393283341	0.83072606716659	0.404261246393899	0.0328605784598597
CS.102	0.0271572682940894	0.835947619241219	0.265472429678171	0.0982835234081196	0.181547405249801	0.207131298839266	0.792868701160734	0.370025003266765	0.0559699393395618
CS.103	0.0211626612654122	0.910961521285734	0.196870485044636	0.0265668214251905	0.125991669704929	0.156072432045509	0.843927567954491	0.345385415135767	0.0221756909575981
CS.104	0.0265849133309342	0.918685091322761	0.233311409451394	0.0201686282241331	0.197717138074052	0.153002200076796	0.846997799923203	0.34570413638329	0.0249452304538817
CS.105	0.0206310331420136	0.872350465781814	0.215665204124045	0.0552703829952741	0.131492602811076	0.185767772010792	0.814232227989208	0.353987791857255	0.0419925923540102
CS.106	0.0284249583312961	0.862007508030381	0.244056763093397	0.0572339622477289	0.126581414627762	0.149414840041418	0.850585159958582	0.362332667243409	0.0349076414672909
CS.108	0.00826715931186015	0.871563938564405	0.264502517830137	0.0236601373580825	0.208846949814695	0.0739903934543429	0.926009606545656	0.314531997929229	0.00431984565224767
CS.109	0.0166984795900453	0.870954627774387	0.231184759131448	0.0390816233102519	0.166520153508163	0.11962579185071	0.88037420814929	0.378325757883287	0.016375564349395
CS.110	0.00796926184982202	0.932581481815887	0.123169916318252	0.0301934421562764	0.0538490098606366	0.114697163000526	0.885302836999474	0.400106076500472	0.0171976621210093
CS.111	0.0205366065526527	0.866193938956321	0.195741907942041	0.0543453663615703	0.143972454039268	0.166352209459932	0.833647790540069	0.429596921473254	0.0456190433008775
CS.112	0.0202166347500839	0.938462840907538	0.148229114545831	0.019466931708291	0.0584015512580713	0.167997668699723	0.832002331300277	0.316193133705378	0.0191523863190625
CS.113	0.0193258763465169	0.915325365196819	0.223539057572809	0.0439568941496687	0.134520093063528	0.169480740064374	0.830519259935626	0.322270640487924	0.0288729289400944
CS.114	0.0218382145029643	0.896295111218628	0.192692106064107	0.0290895553798579	0.0999935491534541	0.118765909462105	0.881234090537894	0.353511908620333	0.0124210789601171
CS.115	0.00811484903144312	0.918519051719238	0.155080084523771	0.0573148426733281	0.0597641872851373	0.140434302305269	0.859565697694732	0.287603032162942	0.00814224495985362
CS.117	0.0217640669948462	0.911235425153316	0.183619779396609	0.0370802579980949	0.118823107950143	0.184333212288543	0.815666787711457	0.343256174678856	0.0374742716969817
CS.118	0.0172887663539896	0.890079488608888	0.223721423397852	0.0578800058042074	0.155475784419479	0.164727905205008	0.835272094794992	0.322396556213559	0.0459307201805853
CS.119	0.0189486211135626	0.887450149062513	0.220911462561043	0.0426559930817761	0.0977323009139233	0.156572379852744	0.843427620147257	0.37244278112592	0.0198722874862796
CS.120	0.0211087231101989	0.901951150242273	0.204786371503015	0.037422765336734	0.115527470428293	0.130183800935275	0.869816199064726	0.341213485735207	0.0266598023227023
CS.122	0.0149235825744015	0.923817473398922	0.210070526607779	0.0372663658189868	0.127672120516205	0.171936223285584	0.828063776714416	0.370609659832493	0.017497937885246
CS.123	0.016596888202835	0.93100027259081	0.228945890658801	0.0321774821140476	0.196640004588329	0.215894547143259	0.784105452856741	0.349341322109614	0.0311254241331585
CS.124	0.0221337823185212	0.943371940802812	0.162612829656852	0.0212636809856672	0.0819018710472562	0.169663696913532	0.830336303086468	0.32912167350151	0.0275815587166842
CS.130	0.0199224345406522	0.889549845821316	0.256383217993241	0.0410745038042289	0.160287645742826	0.167651445639151	0.832348554360848	0.34309203627145	0.029626305219221
CS.131	0.0252971358272958	0.880423204642194	0.203041043102879	0.0517440126328776	0.113084282747015	0.177350411458706	0.822649588541295	0.399667409691505	0.0379804904706381
CS.132	0.0176385904615207	0.901730599629519	0.182455763889961	0.0505287511281084	0.0981323181130502	0.133485905057999	0.866514094942001	0.378147459591445	0.0233071886801574
CS.133	0.020730503172888	0.859216963366745	0.28990228951294	0.0840029937357452	0.187481168100933	0.17730602641454	0.82269397358546	0.317320779706627	0.0578385932890173
CS.135	0.051994282588131	0.887340454831792	0.15768627378753	0.0309167693758025	0.105772379219924	0.213407289627445	0.786592710372555	0.394957534666474	0.0111171745370265
CS.136	0.0334080728417521	0.911560801859746	0.152907486016158	0.025465116898776	0.102186780855377	0.168963117445848	0.831036882554152	0.368066421305172	0.0171406521073413
CS.143	0.00890939034278087	0.857297196215805	0.258637746222696	0.0859005648815526	0.1720782727677	0.176853866342368	0.823146133657631	0.39090840473913	0.0787279770589858
CS.153	0.021752692010668	0.910927689947712	0.19798676084195	0.0336968427673414	0.119615515541613	0.186107988408873	0.813892011591126	0.364905057839957	0.0232242201100425
CS.154	0.0226276225970432	0.943938293969893	0.143204003890592	0.0214846211815881	0.0877240841098388	0.199867206016885	0.800132793983115	0.272295586619882	0.0210133352744387
CS.156	0.0236652303144263	0.93176199942791	0.226550614869825	0.0346211842894495	0.187598354031556	0.141863645147972	0.858136354852028	0.252582750128437	0.0208935009089496
CS.157	0.0271175404853771	0.843822581654516	0.199478943047297	0.1062356469626	0.0969383738175938	0.129078166606755	0.870921833393245	0.212611773429962	0.0485935494282018
CS.158	0.0126629591176806	0.940286612141117	0.161452915886872	0.0321176389524985	0.0890387147916905	0.123764458976789	0.876235541023211	0.310925198153613	0.0213572248894961
CS.160	0.0242514071515601	0.908548945493662	0.161953039805267	0.0401000840016184	0.114608131465257	0.162081624061393	0.837918375938606	0.346040849562281	0.0318401685341725
CS.161	0.0154732007214865	0.933634143232014	0.181275208016986	0.0294735257382048	0.118782647556886	0.110480134698626	0.889519865301373	0.276653301780443	0.0104954022269663
CS.163	0.0164164932687274	0.930241341422775	0.17727646445751	0.0337341924300391	0.142393822834978	0.137680165330494	0.862319834669506	0.248599693584255	0.0156377857022117
CS.164	0.00832429539805337	0.832479272448477	0.21562268237914	0.106344501837873	0.129423491616335	0.202174019564941	0.797825980435059	0.314067720803651	0.0729358182592592
CS.165	0.016274605079326	0.877233353213285	0.268152203185577	0.0846371888032986	0.187799726049689	0.224996077574694	0.775003922425305	0.305443257933088	0.0613234611078022
CS.167	0.0189688941155368	0.930690476617223	0.242641658837164	0.0313186669203699	0.20411546099098	0.153087769470902	0.846912230529098	0.273676162367199	0.0174196504426183
CS.168	0.0194497554102569	0.89126934987989	0.220644048427916	0.0551051448293558	0.13561374863232	0.177894796934262	0.822105203065738	0.375291398933447	0.0328796756682154
CS.169	0.0220191674421346	0.901240214591593	0.185028652449398	0.0336335472757283	0.108211344043302	0.165494667004242	0.834505332995758	0.3125312998398	0.0276458674038028
CS.170	0.0228503744757936	0.915652881873741	0.196095803183021	0.0275426489803654	0.160332894375955	0.11365271600004	0.88634728399996	0.251685870201799	0.0111071062400724
CS.171	0.0199900011433406	0.895879498318998	0.187610422129571	0.0400653060873213	0.102390545750162	0.171868833419953	0.828131166580047	0.310125758725922	0.0299326396059006
CS.172	0.027288355287301	0.900811514965208	0.219406453736261	0.0508190940831748	0.147435526883444	0.177335258501401	0.822664741498598	0.315475169448135	0.0301552478069587
CS.173	0.0201790290589132	0.899290718701802	0.234355439332593	0.049826293832156	0.143171415127076	0.187610927630422	0.812389072369578	0.329268250434376	0.0415659187128458
CS.175	0.0178723288380362	0.81296228637375	0.379595066144347	0.120588646656789	0.356539426771611	0.129459521531917	0.870540478468083	0.231375770744182	0.10771833024523
CS.176	0.0221817258560361	0.916044144260726	0.180356739399411	0.0338924083259953	0.131260217929253	0.143015673403894	0.856984326596106	0.353705378130652	0.0230005820538788
CS.199	0.0186285144479141	0.894658407843149	0.362244069271013	0.0636272414753523	0.310169325733035	0.13723331571681	0.862766684283189	0.267079209755046	0.0484314944517446
CS.200	0.0144293414173872	0.856441174635421	0.238111654122382	0.0653799608866767	0.125619025351325	0.171773811595955	0.828226188404045	0.338797440238349	0.0262567504037958
CS.217	0.0295499243584059	0.764998035406279	0.29048861663034	0.103933423751523	0.227421057177188	0.246436742913645	0.753563257086356	0.33825202686633	0.0613516505085596
CS.218	0.0132196279736191	0.893195014303557	0.211756829280487	0.0524069363279493	0.112160809331511	0.162196485227102	0.837803514772899	0.359343704392343	0.0314679121641536
CS.219	0.0647644413676952	0.853158056318096	0.191208674689861	0.0356323024612083	0.151270893447571	0.174530676782022	0.825469323217978	0.359382881718062	0.0123617175006642
CS.220	0.0310736892847305	0.868231694285822	0.245653407446233	0.0739432742488002	0.173502738459706	0.231540651068086	0.768459348931914	0.42774283169848	0.0821992401506469
CS.227	0.0265445983813448	0.867388109654747	0.237444740508295	0.0929060730233803	0.153773589095338	0.167560939485287	0.832439060514713	0.288347289480885	0.047079267222106
CS.228	0.00942600978183411	0.922689628871092	0.146655437497165	0.03542021290287	0.0686217556644404	0.115158429988911	0.884841570011089	0.276163240284184	0.0240898126365091
CS.229	0.0309397015343813	0.900818283516086	0.207265191357747	0.042611634280022	0.106521777512191	0.216987551111173	0.783012448888827	0.399045902153096	0.0392744433256605
CS.231	0.0190217737441987	0.893426711499654	0.218402776970083	0.0243857142287229	0.16867048076317	0.230695578513185	0.769304421486815	0.343594924327463	0.0176511139291036
CS.232	0.0149091148421501	0.898907645708826	0.175499118589118	0.0388811436951547	0.102439921667151	0.188257091298784	0.811742908701215	0.372773849455593	0.0184735662214837
CS.233	0.0241030390650937	0.883742832074289	0.170841818702995	0.0528336152819965	0.133879974186259	0.170294356780418	0.829705643219583	0.330649862485409	0.0346533872505635
CS.235	0.0317028306547181	0.900879281467188	0.207170266214601	0.0287223133527484	0.162337451644437	0.147764563584538	0.852235436415462	0.297095594697832	0.0277498186683903
CS.236	0.00516867271885474	0.928446581583411	0.161101467674426	0.0310883019667646	0.146729052853161	0.0694698163414425	0.930530183658558	0.286174833217288	0.0165506008564349
CS.237	0.0359165514568921	0.841753191703983	0.244758555927683	0.0893091042200824	0.180228429139784	0.188942707069631	0.811057292930369	0.345726022825393	0.0555727371815291
CS.238	0.0213145324621095	0.898711055777845	0.236567962895286	0.0537799007060106	0.147539379913971	0.168848737960138	0.831151262039862	0.370519318269386	0.0468959183618358
CS.239	0.0200290547250739	0.901850468753541	0.214333036367934	0.0374370762859283	0.146801182588355	0.181568633047659	0.81843136695234	0.375192546967723	0.0342266570034812
CS.240	0.0108551577301334	0.890427466850671	0.256667080876592	0.0707560053927307	0.171445482948946	0.194664839018964	0.805335160981035	0.391584555481465	0.06719745603551
CS.241	0.00788341032525902	0.89338944003018	0.176622009229422	0.0322588785651538	0.120534710863459	0.189067189947017	0.810932810052984	0.418382456558824	0.0103892115931122
CS.247	0.00985336588140975	0.927350959699062	0.148048909786132	0.0345378081323299	0.0589880851636144	0.154130473809227	0.845869526190773	0.295689834770756	0.0138077572336263
CS.248	0.0262602518709656	0.923371593451028	0.179082829176043	0.0280631624479421	0.109489884197613	0.17410858483629	0.82589141516371	0.388405795892749	0.0143674120757173
CS.249	0.0213512710504207	0.928953559487889	0.152967163378874	0.0267311821372688	0.109252176083576	0.146998006992233	0.853001993007767	0.326187348278546	0.0126594544329469
CS.251	0.0108837587812615	0.929382079430128	0.19726411255169	0.0208004618617986	0.137440067497268	0.194352871196441	0.805647128803559	0.368548915679762	0.0118158136541775
CS.284	0.0133731778201936	0.93026889853918	0.174740625362184	0.0339322897295328	0.119174524874887	0.14565884045844	0.85434115954156	0.301925486075744	0.0246144931632457
CS.285	0.0171996018682925	0.938910861310917	0.166488142680531	0.0306383857014059	0.111758120760479	0.13642015513328	0.86357984486672	0.280404997225149	0.0136997094946861
CS.286	0.0152818359590004	0.934833333891107	0.159827415202126	0.0354398636899164	0.0818716502773561	0.150227611010501	0.849772388989499	0.312231242054992	0.0300566828223869
CS.292	0.0100425420158895	0.938642060597148	0.143717687442487	0.0284050583158561	0.0790183356029948	0.127818307386029	0.872181692613971	0.357745378293525	0.0119166781930578
CS.298	0.0114380989731513	0.904199129856047	0.191911061034938	0.0316358513724525	0.13316387609716	0.110593500019234	0.889406499980765	0.322838536772924	0.0160355850501899
CS.308.0	0.0138187847745932	0.945157440157611	0.15314332840679	0.0283868001172852	0.103855690284984	0.210885581759152	0.789114418240848	0.265689085270392	0.0158388906969356
CS.311	0.0166516572523715	0.945583550301905	0.178591300121504	0.020237916609597	0.123076096690802	0.173977611306102	0.826022388693898	0.355520414836253	0.0156044201205539
CS.312	0.0141821836004596	0.896216117432576	0.196609217022203	0.0273954205092333	0.152900501972102	0.181925549207816	0.818074450792184	0.390479935912004	0.0191327506563165
CS.345.0	0.0239845447064062	0.934852450394739	0.191533251046705	0.0280890282463358	0.173829559576251	0.220836830588802	0.779163169411198	0.28359187311748	0.0200812356199754
CS.346	0.0149820403289719	0.913206454281679	0.193171785987036	0.0482772099941622	0.145177492906227	0.105131377212382	0.894868622787619	0.283840664882602	0.0172199836428267
CS.347.0	0.0143250784392085	0.907190537329805	0.184962427371551	0.0637938885472268	0.079855851786035	0.108924184428108	0.891075815571891	0.21003211308874	0.0226857415911061
L.001.M1	0.0126650316838178	0.884365749567118	0.232114764459634	0.0528729511741349	0.129448512080087	0.095446491373087	0.904553508626913	0.223495067395325	0.0139911508377852
L.002.M1	0.00407913751763637	0.918582113492523	0.202472398781906	0.0494119328521616	0.0647540778317796	0.0431160286419175	0.956883971358083	0.15589084150207	0.00552421714668696
L.003.M1	0.0195507916126453	0.854979201827113	0.299332874798621	0.0970421436032598	0.192309607464453	0.17264139686969	0.82735860313031	0.278047026610425	0.063873981063558
L.004.M1	0.0144046510510248	0.868959915194074	0.280834899200869	0.0711294580788377	0.191954869362008	0.171236883035555	0.828763116964444	0.333253927691338	0.0367436703612079
L.005.M1	0.0190577489044094	0.877660881877228	0.249204015795823	0.0668965450580599	0.170108730892751	0.164874363275876	0.835125636724123	0.334241438463861	0.0435254407674426
L.006.M1	0.00921058468323392	0.898403012018029	0.172399501429634	0.0346151387236566	0.0872847892832315	0.111509986650868	0.888490013349132	0.281165030736333	0.0166308789010845
L.007.M1	0.0192083201470824	0.903560512218259	0.202881273072038	0.0463767040828805	0.122728252488769	0.140630052413627	0.859369947586372	0.316035774238446	0.0256480927139889
L.008.M1	0.0192528925078673	0.862666142639737	0.256929914958877	0.076036365046914	0.167281914541043	0.178468827290301	0.821531172709699	0.315540214234704	0.0528642748354719
L.011.M1	0.01449333498835	0.880988631981066	0.268240844841938	0.074135419935393	0.213742854644421	0.157042601358595	0.842957398641405	0.337106078216447	0.0657016725590329
L.012.M1	0.0120142462377033	0.874797414820851	0.229957526240217	0.0545544982037216	0.157937446340339	0.142093090774863	0.857906909225136	0.298979156148792	0.0364390211825916
L.022.M1	0.012572719047898	0.875046680060056	0.241038088413502	0.0445483018627162	0.173077111467887	0.119518317432103	0.880481682567897	0.275346341479985	0.01398019908559
L.024.M1	0.00775593240423104	0.866690534710304	0.320315314900593	0.0959168059397349	0.24817200049118	0.237402546316974	0.762597453683025	0.38383255181263	0.0702846464416714
L.025.M1	0.0147025440529343	0.888802366417006	0.197522995269331	0.0576166022866143	0.12272318793479	0.140852032265678	0.859147967734322	0.343506186396896	0.0455659260364508
