	PD_whole_tree	chao1	observed_otus	shannon	simpson
T.CS.093	122.32928	873.791666667	569.0	6.20615346972	0.952492421708
T.CS.143	103.06622	959.040322581	664.0	6.30087214916	0.95969715357
T.CS.090	90.82999	896.114754098	483.0	5.65384959441	0.946277016707
CS.001	129.73955	854.590909091	568.0	6.98842159284	0.983384896834
T.CS.047	100.10449	836.127659574	474.0	6.63818521056	0.981187114441
T.CS.071	113.88663	1092.28282828	669.0	6.38715351684	0.96632361445
CS.137	105.31484	807.686046512	590.0	6.59038411505	0.973462585669
CS.071	92.4215	761.514705882	460.0	6.21733947219	0.972782095265
CS.008	108.13814	1159.72222222	560.0	6.58233180335	0.973868468342
CS.290	66.84937	572.212765957	374.0	5.65885154277	0.940680853436
CS.111	115.15706	777.53125	523.0	6.51396224665	0.972901390153
TFSCS024	92.33612	791.761363636	540.0	6.34117007853	0.973810292474
T.CS.051	109.34476	1152.96153846	612.0	6.55785178987	0.975525359077
TFSCS020	128.39367	1008.2952381	665.0	6.88039192976	0.982386027419
T.CS.023	55.84576	386.130434783	287.0	5.59463512648	0.96217106065
CS.016	90.96204	795.846153846	471.0	6.14693650628	0.962709073983
CS.122	108.7536	966.053571429	528.0	6.37966565462	0.969438584072
T.CS.134	118.22987	1039.3627451	637.0	6.08088490254	0.961548681286
T.CS.145	107.4464	1009.61052632	633.0	6.35210825413	0.969717237016
CS.238	103.9669	908.588235294	538.0	6.73100473778	0.981506530685
CS.009	71.14323	612.448275862	382.0	5.78206612409	0.966836228513
CS.021	88.92405	917.188679245	475.0	6.27515745973	0.971609216862
CS.139	59.71119	613.964912281	388.0	5.83445148241	0.960697786283
CS.156	62.28391	663.434782609	340.0	5.07269635265	0.939266818103
CS.239	125.58591	1079.08571429	638.0	7.1732665427	0.985832328513
T.CS.003	118.51522	1136.97826087	672.0	6.59228755967	0.971897282706
L.005.M2	124.25298	1040.29032258	667.0	6.69841758274	0.967639397782
CS.217	118.33318	1142.55932203	585.0	6.78550666614	0.977105650074
T.CS.092	129.65779	828.685714286	564.0	6.68753211834	0.956006324535
CS.222	63.26898	445.133333333	307.0	5.52792507651	0.959255680802
CS.382	93.75878	1001.01149425	605.0	6.87428106596	0.983375289453
CS.379	59.70172	600.333333333	352.0	5.50489505875	0.956100972148
CS.130	114.57577	1023.03571429	616.0	6.77868032013	0.980267204473
CS.143	105.38575	971.368421053	541.0	6.62522821753	0.973203873551
CS.002	106.25721	651.92	446.0	6.56688201927	0.977320590912
CS.133	91.97459	1084.17241379	517.0	6.25037677165	0.9741752044
CS.334	68.77028	510.0625	346.0	5.99258906937	0.968537266525
CS.224	43.89329	313.263157895	228.0	4.58778807937	0.892888061695
CS.113	96.4288	1093.04	561.0	5.97318687759	0.961095345153
CS.007	111.85547	1111.86734694	645.0	6.15609085317	0.954417048498
CS.019	103.54946	1086.79545455	604.0	6.15507772537	0.961570761408
L.004.M1	132.83135	1228.04237288	768.0	7.06441928141	0.980572825504
T.CS.067	104.8252	1101.0	636.0	5.83848818296	0.952963222271
CS.015	96.25857	920.163043478	557.0	5.77094373499	0.95122555693
T.CS.136	102.64247	1035.08247423	641.0	6.18122129879	0.961930500128
T.CS.081	103.31855	1016.1010101	676.0	6.41770908689	0.966145417629
L.005.M4	123.86361	1002.01086957	650.0	6.70600327527	0.96743438846
CS.159	117.45957	962.752066116	693.0	6.7455246733	0.975347227084
CS.365	101.44849	955.373134328	545.0	6.31285804317	0.966646375774
T.CS.094	103.67888	914.0	592.0	5.90699395065	0.953175933057
TFSCS022	143.69934	1064.0	785.0	7.36148822829	0.987007099867
CS.198	98.20492	961.666666667	569.0	6.29474089414	0.96373841215
CS.218	130.96478	867.1	598.0	6.90028401545	0.979783205105
T.CS.151	109.75256	1037.34285714	660.0	6.31800257107	0.966071423941
T.CS.087	81.03599	859.901785714	582.0	5.93333452971	0.960719607096
TFSCS027	105.16545	908.511111111	631.0	6.2363144475	0.963042052064
T.CS.099	130.11489	1302.02941176	727.0	6.47144825153	0.967156643096
CS.188	81.44987	767.37037037	541.0	6.2253052687	0.964938479052
L.006.M5	139.25355	1331.91262136	792.0	7.12155996457	0.980227958127
CS.293	111.16592	933.571428571	566.0	6.20327702278	0.96458645476
T.CS.141	85.60283	920.846153846	525.0	6.18636786953	0.971447784338
CS.023	130.28666	1241.58928571	751.0	6.79918606744	0.973771746261
CS.105	119.18259	1062.06122449	652.0	6.25863159998	0.954961155583
CS.005	146.87608	1285.76623377	734.0	7.08113736376	0.980487888995
T.CS.088	84.86852	906.246575342	536.0	6.3232692742	0.97199668863
TFSCS025	91.37528	980.618556701	620.0	6.43140005783	0.973575592326
CS.160	105.43158	957.61627907	557.0	6.05176945184	0.961148892364
T.CS.142	95.01611	960.554545455	608.0	6.16267355105	0.969184150544
CS.123	94.03027	889.884057971	488.0	5.74258741047	0.962889410099
CS.172	100.29383	790.273684211	539.0	6.15392304602	0.966030751398
TFSCS023	96.35115	927.010869565	575.0	6.39748612232	0.976928321937
CS.321	96.83344	1052.28571429	563.0	6.02335195114	0.966150098148
CS.350	109.88579	1037.06315789	620.0	6.40610440134	0.971514530353
CS.020	84.8019	861.416666667	478.0	6.06417863638	0.965984581515
CS.078	89.76553	1017.25	572.0	6.29899578829	0.973751597989
T.CS.007	74.51281	732.766666667	411.0	5.6133326332	0.958345287456
T.CS.073	116.04233	1063.8255814	654.0	6.62453678619	0.975790527978
L.004.M4	142.88437	1168.38842975	770.0	6.98171575816	0.975070104061
L.025.M4	99.80871	950.227272727	665.0	6.61198697123	0.975584675903
CS.022	83.35447	671.105263158	404.0	5.82958733615	0.96435340122
CS.056	81.33027	589.157894737	406.0	6.2533323756	0.970481860072
CS.043	103.9755	881.774647887	530.0	6.7096943573	0.97909857873
CS.029	107.74048	767.444444444	479.0	6.57207229824	0.976735020395
CS.095	127.59598	970.5	621.0	6.96393314371	0.980841585827
CS.119	101.38147	975.475	577.0	6.79269621486	0.982048057649
CS.298	108.80283	907.690140845	540.0	6.45597301478	0.971719474848
CS.318	73.25725	686.382978723	395.0	6.04746750129	0.964876180178
CS.006	112.66608	1125.31521739	628.0	6.29110927898	0.961011679256
L.006.M1	102.41106	737.551724138	484.0	6.95317962564	0.985184912911
CS.099	125.50851	1073.9009901	659.0	6.09072257595	0.950392385664
CS.033	118.48504	1051.68493151	615.0	6.74043833293	0.977442504817
CS.171	102.67574	765.75	519.0	6.0803836175	0.944415946437
T.CS.018	102.57928	917.358490566	619.0	6.62862916382	0.975479396641
L.012.M1	108.57348	934.55	522.0	6.5285182744	0.978410840652
CS.140	105.9271	922.28358209	566.0	6.66408220904	0.977667169725
CS.114	104.07539	832.022727273	474.0	6.78109111928	0.981174913974
CS.366	56.40229	539.526315789	312.0	5.27691731284	0.93957157045
CS.325	40.85479	362.869565217	222.0	5.00675627422	0.939501284874
CS.115	78.49403	484.555555556	322.0	5.56410994356	0.96213548352
CS.343	65.62194	574.842105263	384.0	5.78556494779	0.959132457389
T.CS.070	109.91571	1000.625	639.0	6.71877365123	0.971583532353
CS.062	114.72461	1180.08045977	626.0	6.32254121505	0.969013369948
CS.161	83.84498	736.185185185	421.0	5.78592329819	0.961947147736
CS.142	85.71639	662.118644068	430.0	6.19689763223	0.971930513094
CS.012	127.81562	904.865853659	603.0	6.87270080664	0.980063945483
CS.170	105.10858	1026.79104478	551.0	6.30976572621	0.966599842859
CS.237	98.55	624.3	456.0	6.00592055107	0.958600304428
CS.190	109.05582	892.0	542.0	6.67378279463	0.977727718266
CS.053	108.2254	861.714285714	520.0	6.50992374783	0.971406580213
CS.104	106.00855	949.75	550.0	6.28937500681	0.967163359186
CS.380	112.85645	917.395604396	628.0	6.89146466941	0.981536377097
L.006.M3	138.27971	1021.75675676	709.0	6.75675727472	0.974146213707
T.CS.146	107.28408	947.643564356	627.0	6.65376284803	0.977239362516
CS.067	56.90625	359.275	238.0	5.00485897329	0.942444903421
CS.064	104.84744	961.525	469.0	6.50659596241	0.977163657391
CS.228	94.01445	711.058823529	436.0	5.98833140069	0.961592322912
L.007.M6	143.75654	1033.3592233	686.0	6.68140475823	0.968729440075
CS.003	132.0589	1035.66666667	647.0	6.61872482917	0.972749655768
CS.044	101.21304	1258.41891892	607.0	6.35332099865	0.971976488496
CS.286	83.50945	651.553191489	391.0	5.94791859981	0.966768561953
T.CS.013	102.44489	1008.16483516	615.0	6.05167540495	0.954985595411
L.025.M6	97.37562	958.78021978	614.0	6.43417705559	0.973086380857
CS.168	142.37482	1116.70512821	675.0	6.97975603547	0.975529170913
CS.079	74.4868	588.018518519	367.0	5.87151442539	0.963240176745
CS.233	117.26965	779.590909091	493.0	6.08468847317	0.965359868375
CS.360	91.63818	721.9	484.0	6.5830777086	0.980247315508
T.CS.139	139.39521	1094.60638298	685.0	6.90942813723	0.979893877985
L.004.M3	134.14319	868.989130435	657.0	7.02289258151	0.976118799609
CS.117	101.98037	987.245901639	521.0	6.18936897252	0.971088953197
CS.132	107.94616	689.553571429	490.0	6.81223624828	0.979912237029
CS.060	96.85794	829.471698113	454.0	6.14233782075	0.973141976605
T.CS.049	75.36903	678.678571429	413.0	5.89405164061	0.964712426843
CS.024	157.91648	1249.17346939	773.0	7.35356930997	0.98482120677
CS.055	83.20094	888.241935484	489.0	6.34945939807	0.972721287415
CS.194	50.9251	447.294117647	334.0	5.39063972531	0.947825996199
CS.275	84.19595	664.058823529	427.0	6.24179250087	0.97366998063
CS.018	71.42699	792.692307692	375.0	5.31368538709	0.930681034952
CS.013	145.95	1023.59550562	685.0	7.09154431607	0.97837291678
T.CS.065	106.29307	965.123809524	637.0	6.47432436172	0.96957094811
L.004.M5	123.57998	1062.10752688	657.0	6.46338555701	0.969031145547
CS.040	100.39927	835.48	523.0	6.04332167918	0.959796546529
T.CS.097	133.15912	1094.33018868	688.0	6.33603520789	0.962812252847
TFSCS028	124.33204	1040.024	732.0	6.6843081555	0.972744677044
CS.082	149.9353	1090.49450549	709.0	7.14293010762	0.981230859789
T.CS.042	136.07214	1133.24705882	677.0	6.87053811924	0.977546643121
CS.155	107.00846	761.968085106	546.0	6.84305111389	0.984293630605
CS.174	130.65743	1194.8778626	788.0	6.67436858461	0.970912908638
CS.014	141.99361	1086.34615385	658.0	6.71422012585	0.971966777391
L.012.M3	119.90671	843.8	535.0	6.80334694705	0.979728983692
CS.072	151.62218	1338.47286822	815.0	6.9888015328	0.979360973029
CS.030	131.53029	1104.15789474	693.0	6.89317227267	0.977946976592
CS.167	92.23748	1049.47887324	538.0	5.81812506887	0.953467408808
CS.075	91.82744	956.269230769	493.0	6.29064247	0.970309821829
CS.092	141.09869	896.514705882	595.0	7.16989600414	0.985001867021
CS.312	87.66382	725.2	442.0	6.38414099	0.976343646033
T.CS.043	99.08934	800.0	514.0	6.2925349337	0.970679323516
CS.106	118.32392	803.623376623	563.0	6.54835397135	0.973653644192
CS.042	81.37328	927.051724138	453.0	5.96489959204	0.969389159866
CS.347.0	76.868	640.254237288	391.0	5.84462387687	0.962155813308
CS.220	89.28669	827.029411765	495.0	5.90506550202	0.946495289661
CS.097	85.95201	631.328947368	431.0	5.92427747443	0.960266024619
CS.301	102.91221	775.904761905	539.0	6.61859001886	0.977802204641
CS.084	136.57709	879.469879518	630.0	7.26196668186	0.986142254065
CS.351	96.2765	900.563218391	557.0	6.48589938349	0.97727643067
CS.058	105.59644	979.87755102	506.0	6.44987618975	0.976305812919
CS.051	75.86154	565.8125	366.0	6.11724573664	0.971354679611
T.CS.148	140.00589	1122.75806452	739.0	6.29275022456	0.952879958303
CS.196	75.2469	527.960784314	361.0	5.68447322402	0.95395825392
T.CS.045	98.53896	817.835294118	537.0	5.67404460318	0.923314053744
T.CS.008	81.59316	810.569767442	533.0	5.78327977798	0.937412334269
T.CS.061	95.96123	987.447368421	568.0	6.44550332651	0.975789088816
CS.241	117.34304	1044.34579439	650.0	6.69580463061	0.979022277196
T.CS.004	105.35726	988.11	633.0	6.52080142855	0.976459556945
T.CS.069	118.9846	1037.56	669.0	6.78209707029	0.97647808454
CS.045	99.68913	932.075949367	566.0	6.72942077317	0.981045959843
CS.091	82.26171	566.157894737	383.0	5.98927620775	0.971806446929
CS.247	114.40791	979.054545455	529.0	6.76551108855	0.982583866861
CS.328	34.6247	272.55	178.0	4.53522324866	0.920813373059
CS.358	46.06896	377.020408163	282.0	4.7910807183	0.912571407086
CS.284	87.62311	731.323076923	458.0	6.04702855127	0.968078381189
CS.169	125.23467	1111.03225806	685.0	6.55835826836	0.958728013878
CS.004	84.80343	647.306122449	410.0	6.33125554213	0.973639096984
CS.249	92.27837	850.0	463.0	5.9083122206	0.965859063222
CS.066	91.23268	839.31884058	487.0	6.04942165091	0.966167069891
CS.076	92.10532	545.444444444	391.0	5.74140791547	0.962961847936
CS.131	131.26688	1036.06756757	642.0	7.24346031289	0.986594436276
CS.229	87.04933	740.85	451.0	6.19417135059	0.969289105671
CS.124	63.34198	774.375	336.0	5.93017393437	0.97368868974
L.005.M3	128.37267	1173.27631579	663.0	6.58325453177	0.960720086816
CS.151	100.497	682.381818182	454.0	6.56867101151	0.977516459609
CS.248	104.26777	887.52173913	532.0	6.77744226587	0.983670823382
CS.085	132.79115	901.756097561	629.0	7.20790359142	0.98521040294
CS.037	71.65406	639.46875	361.0	5.82519946674	0.961392681276
CS.138	103.39927	1000.01886792	642.0	6.52541222527	0.973389149494
CS.203	98.16947	975.816326531	608.0	5.9387483515	0.953280447359
CS.017	99.25584	941.121621622	560.0	5.72717872626	0.927179980863
L.006.M4	113.67448	921.967391304	605.0	6.33229935216	0.969987773603
CS.297	104.80305	979.436170213	624.0	6.21831439855	0.96344390249
L.025.M2	91.31617	952.012345679	592.0	6.50271772329	0.974171612977
CS.305	123.4737	1026.59139785	639.0	6.50534056262	0.965883736428
T.CS.140	116.04289	1120.19090909	707.0	6.50433941809	0.969534994982
CS.259	111.71094	986.154761905	576.0	6.24977435176	0.965796997726
L.007.M1	116.02469	1057.0	628.0	6.48489088586	0.973252986586
CS.046	127.68567	1039.01	665.0	6.78167338393	0.973966292484
T.CS.144	108.34192	823.28	539.0	6.49221882373	0.968231126877
T.CS.147	140.55807	1186.96460177	774.0	7.21769942318	0.983938377921
L.004.M6	123.50809	909.146067416	626.0	6.62999604685	0.968848903514
CS.109	130.36579	770.580645161	555.0	6.64707826358	0.964138564105
CS.335	47.96347	377.090909091	253.0	5.12770525635	0.945638469457
CS.227	57.20722	471.0	306.0	5.34724179105	0.950323604077
CS.285	66.96044	554.133333333	341.0	5.63437216892	0.964277903542
CS.308.0	80.09591	658.203125	398.0	5.17134329257	0.931273697558
CS.108	97.3038	588.918367347	396.0	5.37545297123	0.915861085829
T.CS.020	113.64931	766.632653061	470.0	6.85878215068	0.984570325769
CS.135	80.72044	665.903846154	412.0	6.2020489942	0.972414058671
CS.283	71.22844	433.965517241	280.0	5.76741015478	0.963734652177
CS.302	52.38674	467.024390244	278.0	5.24985977702	0.95013941723
CS.059	119.92749	1071.22535211	597.0	6.8651264678	0.982151690303
CS.093	130.34029	841.067567568	564.0	6.73966575014	0.976402936928
L.012.M2	117.20249	905.52173913	569.0	6.881334017	0.982201957261
T.CS.137	132.94666	630.637931034	477.0	6.9881718497	0.984985387964
CS.039	109.71197	985.533333333	587.0	6.45083989952	0.969700861682
CS.205	62.67056	512.474576271	379.0	5.78475239088	0.959185408191
CS.063	79.04077	540.136363636	364.0	5.99740327622	0.961713108824
CS.235	116.42739	802.469879518	553.0	6.74903668718	0.977413423365
CS.191	118.88863	1021.61363636	612.0	6.5876800271	0.972730583626
CS.027	111.3297	733.139240506	513.0	6.01735214745	0.952970638495
CS.028	126.94481	1018.10958904	612.0	6.83768857069	0.979907582441
CS.176	106.49122	1086.93902439	614.0	6.3132721933	0.963168166767
CS.077	103.80246	906.461538462	578.0	5.92012035629	0.949006381583
CS.049	85.34126	765.381818182	425.0	5.58788976075	0.936439992117
CS.065	91.89702	900.678571429	539.0	6.1733411866	0.968367743575
CS.083	144.35873	1051.30769231	664.0	6.84970307977	0.980142840103
CS.322	72.7235	698.222222222	412.0	6.00556785205	0.968794902513
CS.025	96.50781	636.411764706	426.0	6.03053281348	0.950562193854
T.CS.095	132.44037	1135.22580645	697.0	6.8952072369	0.978279215644
CS.236	74.32607	567.44	296.0	5.4665950985	0.951792483164
T.CS.133	142.7139	1092.93269231	690.0	6.924018443	0.982271309327
CS.120	112.85449	804.915492958	533.0	6.44617933161	0.969132820421
T.CS.014	105.37488	713.278688525	475.0	6.23810427968	0.966829525388
CS.035	118.63777	958.696202532	571.0	6.28736051213	0.963384404148
CS.260	92.07212	680.0	425.0	5.96404456608	0.963035037768
T.CS.150	137.92932	1226.34285714	779.0	6.80449153802	0.969490640259
L.005.M1	112.96038	1045.45631068	647.0	6.51410077632	0.967530189995
CS.357	111.3564	1173.38983051	685.0	6.0944425307	0.961639737476
CS.193	82.73211	692.344262295	437.0	6.31245397105	0.976085167293
CS.200	148.91778	989.75	716.0	7.62979077223	0.989293099022
T.CS.138	141.65635	1085.91304348	719.0	6.67174514605	0.973695081695
CS.080	93.26562	805.0	478.0	6.16828928241	0.972758796394
CS.173	106.08128	1049.51388889	571.0	6.26342162097	0.964595906556
CS.153	122.05774	926.708333333	586.0	6.81739615258	0.980906918611
CS.213	63.91634	580.25	329.0	5.69132821629	0.960724508027
CS.362	68.43375	502.55	345.0	5.46705655553	0.942990138497
CS.086	128.46285	924.717647059	604.0	6.65964376022	0.973259456334
CS.011	139.87112	945.08	597.0	6.81658895554	0.974712271257
CS.199	85.81736	696.386363636	400.0	6.23976989752	0.974358341048
T.CS.100	118.01559	714.212765957	489.0	7.06039936293	0.984446778221
L.006.M2	112.28745	747.943661972	503.0	6.23162761744	0.966874580244
CS.231	94.11732	648.846153846	469.0	6.5931484449	0.981093802267
CS.096	100.28944	895.5125	540.0	6.59450765327	0.978880124261
CS.219	113.37603	685.515151515	483.0	6.20653667239	0.961430112462
CS.232	142.73492	964.934579439	681.0	7.18672930172	0.984579220052
CS.103	118.87737	959.765625	573.0	6.97829218264	0.982204602208
CS.112	82.6327	566.595744681	377.0	5.88989262413	0.957713430367
T.CS.009	110.05102	892.451219512	560.0	6.0146727881	0.947777868536
CS.339	60.68338	664.216216216	329.0	5.40355678953	0.951324042309
T.CS.089	103.17946	871.325	545.0	6.17650927802	0.957875018476
CS.319	73.06982	704.303571429	423.0	5.80445171256	0.955358481074
CS.136	105.4536	865.8	507.0	6.51305724168	0.976696551975
CS.057	106.48502	787.651515152	504.0	6.35982566313	0.972038022409
CS.158	90.26702	595.438596491	402.0	6.19917576238	0.974361919505
CS.296	121.91162	1079.55555556	665.0	6.61905467356	0.975472382345
CS.089	126.29297	912.923076923	636.0	6.76888771149	0.972433571638
CS.036	95.51147	670.593220339	455.0	6.55065822335	0.978053059711
CS.101	122.79898	1058.89534884	624.0	6.74064248107	0.976029091824
L.007.M2	134.47141	1006.49462366	661.0	6.85303305835	0.977171942299
CS.026	117.62311	914.029411765	582.0	6.99196602446	0.982409365187
L.006.M6	149.35055	1073.3627451	704.0	7.15148297859	0.983801501915
L.007.M5	138.31618	931.467532468	610.0	6.95266506261	0.977791728577
CS.110	86.35696	567.892307692	389.0	5.77649316879	0.960175383323
L.012.M5	116.36924	804.571428571	568.0	6.59179637421	0.975288999354
CS.175	69.87329	520.039473684	373.0	4.93924747573	0.930413156277
L.008.M6	85.19343	675.567567568	486.0	6.27108368148	0.970900591483
CS.088	69.46694	927.944444444	436.0	5.6499308431	0.956768691607
L.008.M5	86.54096	693.114754098	474.0	6.56284658998	0.975912065885
T.CS.096	141.16992	1057.96341463	641.0	6.71979089974	0.974651969059
T.CS.098	132.30856	1047.375	573.0	6.62092972653	0.977930860567
CS.098	129.04559	997.918604651	636.0	7.00097867592	0.983771227644
L.025.M1	74.66001	723.6	387.0	6.10929680088	0.972693437679
CS.240	94.21921	868.690140845	501.0	5.99230656887	0.960170145291
CS.282	69.94363	692.23255814	366.0	5.6788933295	0.960574887006
CS.292	111.53478	869.539473684	520.0	6.13435858343	0.964528758612
L.025.M5	95.88721	970.413793103	604.0	6.72725511515	0.980801211489
CS.300	97.79526	775.342465753	500.0	6.45530081962	0.978557674106
CS.074	102.64966	1009.72727273	552.0	5.87118091352	0.943793800452
CS.341	66.91072	537.015384615	383.0	5.5402789751	0.949878202784
CS.047	74.60342	727.278688525	414.0	5.68845954386	0.956698457892
TFSCS026	82.70009	758.857142857	503.0	6.11947934213	0.962278090245
CS.356	51.22005	455.651162791	284.0	5.50419538274	0.964515313465
L.005.M6	116.56006	1067.51351351	609.0	6.20520328663	0.95963175596
T.CS.030	85.31379	775.896551724	509.0	6.15224535888	0.969247655203
TFSCS029	75.9566	675.921875	427.0	5.87806700513	0.966448471506
CS.388	57.37014	598.395833333	340.0	5.57226897938	0.961485643383
CS.102	107.64982	1170.29577465	576.0	6.00791840992	0.953560850636
T.CS.084	93.79236	958.11	603.0	6.33159023689	0.96470580151
L.004.M2	141.04165	1155.08547009	751.0	6.55679357556	0.959171340703
CS.165	76.85235	788.14084507	455.0	5.8218130532	0.964067319087
L.008.M2	70.72129	651.0	365.0	5.67939690318	0.949113437109
L.011.M1	100.11629	898.468085106	570.0	6.29673888781	0.971162895024
CS.038	77.55388	866.559322034	473.0	5.9845874854	0.958043828327
L.007.M4	133.32015	865.62962963	615.0	6.83801170931	0.972799806037
L.005.M5	111.86549	1039.53719008	686.0	6.20461629924	0.951773203575
CS.230	57.94378	478.214285714	268.0	5.3235147134	0.936411092182
CS.118	96.80445	723.623376623	483.0	5.86045150641	0.957307599555
CS.333	79.2024	738.924242424	464.0	6.39925897251	0.976728589543
CS.052	122.19058	970.697368421	587.0	6.35691332012	0.968504010206
CS.274	72.91862	642.448275862	412.0	5.87294422271	0.958080442692
L.025.M3	92.14266	957.142857143	624.0	6.61636262102	0.974217303139
CS.332	104.57759	1010.40776699	623.0	6.43009758844	0.973394828351
CS.295	95.21777	893.246153846	481.0	5.83133615068	0.957703991536
T.CS.135	81.63288	634.225352113	439.0	6.00509392403	0.969591420518
CS.269	43.76	323.7	221.0	5.083137991	0.941643290003
T.CS.149	110.75701	684.607142857	443.0	4.6830749513	0.830233585122
CS.163	86.61904	692.5	415.0	5.51470011437	0.953685215006
CS.154	43.26934	395.384615385	220.0	4.73288456966	0.933455363927
CS.094	75.12173	861.961538462	485.0	5.21253545106	0.919500143916
L.008.M4	88.02416	772.452054795	516.0	6.36522227647	0.973228909789
CS.251	104.43768	850.010989011	553.0	6.09744756518	0.953871567079
CS.345.0	57.53858	439.279069767	276.0	4.71219654596	0.919062884911
CS.346	63.07932	560.977272727	343.0	5.20743103412	0.939670665204
CS.087	90.80988	968.011363636	543.0	5.57576443188	0.93923785334
CS.311	94.16248	955.038461538	530.0	6.1541757745	0.969603413537
CS.050	78.87342	551.6	323.0	5.908434207	0.967970599599
L.012.M6	105.31677	727.882352941	469.0	6.75917613568	0.979636241997
CS.070	59.66955	304.081081081	235.0	4.91054850823	0.93476907279
L.008.M1	71.74034	660.681818182	422.0	5.61450140196	0.949184241302
CS.090	102.1702	756.8	430.0	6.07790926632	0.964768865344
CS.031	94.00295	824.628205128	487.0	5.87174650385	0.962959864226
L.008.M3	50.83578	464.87755102	299.0	4.26647320943	0.876303388385
CS.061	70.07247	725.149253731	410.0	5.48188491201	0.954402540186
CS.032	73.7999	525.565217391	326.0	5.02430494392	0.916777170996
CS.041	83.2116	648.967741935	409.0	5.45148156863	0.928029268154
CS.068	81.95377	901.671875	461.0	5.38196156016	0.941952307976
CS.164	67.34709	360.275	239.0	4.44176295286	0.916560998442
L.012.M4	113.50582	740.911764706	504.0	6.44816593913	0.970441369045
