	PD_whole_tree	chao1	observed_otus	shannon	simpson
CS.003	33.0	7.0	7.0	2.45390409457	0.791768904636
CS.006	36.0	8.0	8.0	2.70741177155	0.826004068356
CS.019	42.0	10.0	10.0	2.74967269876	0.809660082305
CS.032	33.0	8.0	8.0	2.63112628076	0.807571089304
CS.043	42.0	10.0	10.0	3.04356657519	0.868371821922
CS.049	26.0	6.0	6.0	2.2615810537	0.747738257722
CS.050	32.0	8.0	8.0	2.78074307304	0.824290093413
CS.061	45.0	11.0	11.0	3.12225310491	0.874845776817
CS.075	32.0	8.0	8.0	2.22134051239	0.74273666579
CS.095	27.0	6.0	6.0	2.4023182596	0.79134815691
CS.183	52.0	12.0	12.0	2.90980165547	0.823904299666
L.006.M1	30.0	7.0	7.0	2.43442236912	0.784003292181
L.008.M1	19.0	4.0	4.0	1.59253703455	0.63635470269
T.CS.180	64.0	16.0	16.0	2.88743674456	0.81867204825
CS.033	29.0	7.0	6.0	1.70429022004	0.643215478742
CS.037	23.0	5.0	5.0	2.27586823334	0.788023219221
CS.072	41.0	9.0	9.0	2.71329800943	0.828444877525
CS.117	46.0	11.0	11.0	2.83145669282	0.817079280361
CS.120	29.0	6.0	6.0	2.28090433823	0.770555784018
CS.145	81.0	19.0	19.0	3.03662824741	0.825629930052
CS.165	55.0	14.0	14.0	3.21507906245	0.873210250768
CS.172	25.0	6.0	6.0	2.27055030551	0.763354627169
CS.199	33.0	8.0	8.0	2.46258910805	0.797738679396
CS.201	25.0	6.0	6.0	2.27055030551	0.763354627169
CS.203	38.0	8.0	8.0	2.48343452017	0.783191887963
CS.212	47.0	13.0	13.0	3.18648291766	0.8706775092
CS.214	38.0	9.0	9.0	3.0506774224	0.872208171312
CS.218	36.0	8.0	8.0	2.72328755826	0.824627305624
CS.263	32.0	7.0	7.0	2.37668774796	0.747838026875
CS.264	10.0	2.0	2.0	0.727126138087	0.323123584946
CS.278	42.0	9.0	9.0	2.81747594072	0.836855491569
CS.297	37.0	8.0	8.0	2.26130365619	0.759000091492
CS.311	31.0	9.0	9.0	2.937023757	0.851736453029
CS.350	46.0	12.0	12.0	2.4904480122	0.69720655638
CS.351	53.0	13.0	13.0	3.19088537504	0.866000570692
CS.388	28.0	6.0	6.0	2.3444230459	0.782461370772
CS.395	58.0	14.0	14.0	3.1745285996	0.856658245211
T.CS.111	27.0	7.0	7.0	1.56964299147	0.492519764354
CS.177	68.0	16.0	16.0	3.26932170363	0.84791696935
CS.186	45.0	10.0	10.0	2.99112869941	0.855993656693
CS.243	20.0	4.0	4.0	1.74711840311	0.663510284948
CS.265	26.0	6.0	6.0	1.91281222159	0.654433694377
CS.270	53.0	12.0	12.0	2.99191129403	0.849760809316
CS.280	36.0	8.0	8.0	2.57940054234	0.806480413516
CS.305	56.0	13.0	13.0	2.95732664486	0.840602619251
CS.323	51.0	12.0	12.0	2.80197172817	0.828897189966
CS.332	42.0	11.0	11.0	3.35332185341	0.896222287935
L.001.M3	36.0	8.0	8.0	2.47123004124	0.788072154837
L.001.M4	30.0	7.0	7.0	2.23633157823	0.724473975982
L.001.M5	25.0	5.0	5.0	1.75399986091	0.663119663595
L.001.MEXTRA.NOSAMPLE	24.0	6.0	6.0	1.98146814083	0.705906848055
L.002.M0	24.0	5.0	5.0	2.0652509051	0.72590275931
L.004.M2	39.0	8.0	8.0	2.71933587142	0.828015357013
L.004.M4	28.0	6.0	6.0	1.9835128955	0.680335936213
L.004.M5	37.0	8.0	8.0	2.29505885457	0.738107478285
L.006.M3	25.0	6.0	6.0	1.95155271082	0.693685595277
L.008.M2	24.0	5.0	5.0	1.95069474194	0.714374164469
L.008.M3	34.0	7.0	7.0	2.28218370072	0.74254066606
L.008.M5	24.0	5.0	5.0	2.04159055146	0.734482183441
L.022.M3	27.0	7.0	7.0	1.99033319011	0.639866588501
L.031.M2	49.0	12.0	12.0	2.93431121528	0.847654803743
L.031.M4	32.0	8.0	8.0	1.99965891798	0.612672281532
L.031.M6	39.0	11.0	11.0	2.93816937708	0.829653443913
L.035.M2	26.0	6.0	6.0	2.08745619564	0.682086363413
L.035.M4.NOSAMPLE	38.0	9.0	9.0	2.6344414866	0.811600479384
L.035.M5	40.0	9.0	9.0	2.75030477895	0.804583666155
L.035.M5.1	37.0	9.0	9.0	2.88398247419	0.853643966547
T.CS.116	59.0	16.0	16.0	2.56481917257	0.684527407502
T.CS.119	30.0	7.0	7.0	1.91980935145	0.667009589287
T.CS.163	49.0	12.0	12.0	2.75191235579	0.799915115094
CS.029	38.0	8.0	8.0	2.9286542605	0.86342917871
CS.096	27.0	6.0	6.0	2.01487335478	0.696734464099
CS.101	31.0	7.0	7.0	2.28552403834	0.758244939339
CS.115	80.0	19.5	19.0	3.25105632143	0.860244869772
CS.182	57.0	14.0	14.0	3.45148637688	0.890774505881
CS.349	67.0	15.0	15.0	2.94824123734	0.807233978858
CS.389	61.0	17.0	17.0	3.7674378804	0.914278542343
CS.390	56.0	14.0	14.0	2.94640680628	0.840505599659
CS.391	73.0	17.0	17.0	3.01070752404	0.814232090079
CS.393	42.0	9.0	9.0	2.67695849994	0.803576371286
L.001.M2.NOSAMPLE	29.0	7.0	7.0	2.24178911409	0.71888671875
L.036.M6	25.0	6.0	6.0	1.93419312804	0.66315857438
L.025.M6	33.0	7.0	7.0	2.04367195798	0.718024673884
T.CS.093	46.0	11.0	11.0	2.91486221887	0.843006489537
T.CS.162	41.0	9.0	9.0	2.09795565474	0.697616301423
T.CS.019	24.0	5.0	5.0	1.7064086586	0.611549610661
CS.086	34.0	7.0	7.0	2.60776637319	0.819625187881
CS.166	53.0	14.0	14.0	2.93933543479	0.805585471965
CS.233	23.0	5.0	5.0	2.04849105545	0.727708863467
CS.283	44.0	10.0	10.0	2.79381801949	0.82492399471
CS.372	76.0	21.0	21.0	4.01142477838	0.928226136971
CS.377	64.0	16.0	16.0	3.37349818906	0.863323016498
L.004.M1	32.0	7.0	7.0	2.33074054113	0.764466738846
T.CS.025	38.0	9.0	9.0	2.67955676835	0.799819167858
T.CS.096	47.0	12.0	12.0	2.73459943717	0.8092581151
CS.181	79.0	20.0	20.0	3.68754966808	0.907020416605
CS.255	45.0	12.0	12.0	3.05952280743	0.838230866478
CS.275	66.0	19.0	19.0	3.29812027824	0.85848732773
CS.385	63.0	16.0	16.0	3.68931654101	0.911142075841
CS.386	47.0	11.0	11.0	2.92339535468	0.84154578455
CS.370	59.0	14.0	14.0	3.18770583477	0.852708514764
CS.228	41.0	10.0	10.0	3.21085903836	0.883538193094
CS.256	36.0	8.0	8.0	2.72167637203	0.822162162162
CS.359	66.0	16.0	16.0	3.41287191846	0.888123033504
CS.158	33.0	7.0	7.0	2.22071093496	0.734690727548
CS.223	46.0	10.0	10.0	3.0696434752	0.870691728592
CS.308.0	42.0	10.0	9.0	1.96512547635	0.612784780024
CS.326	68.0	17.0	17.0	3.40634588476	0.850853103012
CS.369	55.0	13.0	13.0	3.15406735276	0.857208086778
CS.252	74.0	17.0	17.0	3.63634869109	0.905714077402
CS.077	38.0	9.0	9.0	2.33344405959	0.716623637534
T.CS.177	39.0	11.0	11.0	2.87457681667	0.823713017751
CS.249	42.0	10.0	10.0	2.76728990329	0.83873094499
CS.325	26.0	6.0	6.0	2.48633799412	0.808306640912
CS.363	53.0	13.0	13.0	2.81294856189	0.799104743349
CS.131	32.0	7.0	7.0	2.5258236893	0.806066051958
CS.206	15.0	3.0	3.0	1.53505514599	0.64368608799
CS.036	39.0	8.0	8.0	2.52507960807	0.801901911351
CS.268	58.0	14.0	14.0	3.09970533742	0.824912406727
CS.146	71.0	18.0	18.0	3.70070332484	0.903516607243
CS.039	33.0	7.0	7.0	2.32939788544	0.774666322275
CS.063	59.0	15.0	15.0	3.17183635704	0.86374307884
CS.079	43.0	9.0	9.0	2.73041599733	0.824596418159
CS.210	24.0	6.0	6.0	1.99536285005	0.714822691585
CS.293	28.0	6.0	6.0	2.0590538578	0.688856214475
CS.319	32.0	7.0	7.0	2.65193284251	0.823394138
T.CS.127	64.0	18.0	18.0	3.22834345939	0.837534722104
T.CS.128	45.0	11.0	11.0	2.7279744202	0.799074307671
T.CS.133	38.0	10.0	10.0	2.80304128043	0.793617341086
T.CS.157	39.0	8.0	8.0	1.98402202149	0.655370529321
CS.176	32.0	7.0	7.0	2.28430237075	0.711193762129
CS.227	35.0	8.0	8.0	2.66524073916	0.808056325023
CS.331	29.0	6.0	6.0	1.86567143046	0.651862096332
CS.362	50.0	11.0	11.0	3.1694700827	0.870578076875
CS.380	39.0	9.0	9.0	2.78388102645	0.828733735161
CS.235	42.0	10.0	10.0	3.04008135467	0.862568055556
L.005.M4	29.0	7.0	7.0	2.4070015022	0.769105756459
L.007.M3.NOSAMPLE	24.0	6.0	6.0	2.04420829429	0.710493542938
CS.298	32.0	7.0	7.0	2.32067472452	0.755187886173
T.CS.159	37.0	9.0	9.0	1.36624277949	0.419358744524
CS.164	41.0	11.0	11.0	3.00041954399	0.848117539027
L.034.M0	33.0	9.0	9.0	2.13067982853	0.706130331827
T.CS.007	17.0	5.0	5.0	1.60253980315	0.539115076877
T.CS.130	41.0	9.0	9.0	2.02608135184	0.642406022969
TFS.025	34.0	8.0	8.0	2.57325291329	0.807742903383
CS.360	53.0	12.0	12.0	3.30308111625	0.881113749088
CS.060	49.0	13.0	13.0	2.98420908109	0.836606973414
CS.128	45.0	12.0	12.0	2.76704332428	0.808747015361
CS.147	38.0	8.0	8.0	2.47009095513	0.78636252295
CS.195	55.0	15.0	15.0	3.38137847055	0.883061565403
CS.309	55.0	13.0	13.0	2.70479416245	0.769810180039
CS.231	49.0	14.0	13.0	2.85016705745	0.818624993887
CS.188	29.0	6.0	6.0	1.96979537406	0.703980530016
CS.129	52.0	12.0	12.0	3.10836658344	0.856469994108
CS.184	28.0	6.0	6.0	2.53872750927	0.82261853761
CS.374	31.0	7.0	7.0	2.44057851242	0.775541582844
CS.242	31.0	8.0	8.0	2.25940297401	0.713369540369
CS.066	29.0	8.0	8.0	2.90994537635	0.861521658053
CS.159	36.0	8.0	8.0	2.09375441723	0.714585769204
CS.276	41.0	9.0	9.0	2.43896936453	0.755457658365
CS.290	34.0	8.0	8.0	2.58595316226	0.80008371837
CS.322	27.0	6.0	6.0	2.39111249375	0.780186763677
T.CS.143	35.0	8.0	8.0	2.2245582342	0.694822679522
CS.125	57.0	14.0	14.0	3.08383129526	0.846359602924
CS.345	19.0	4.0	4.0	1.73177745319	0.642970271453
CS.345.0	19.0	4.0	4.0	1.73177745319	0.642970271453
CS.067	46.0	10.0	10.0	2.1618395387	0.630869470261
CS.222	32.0	8.0	8.0	2.74150474998	0.833758553855
CS.135	37.0	9.0	9.0	2.61840468336	0.792013342317
CS.149	32.0	8.0	8.0	2.42158404024	0.745924185853
CS.150	22.0	5.0	5.0	2.28721929342	0.790526049996
CS.156	46.0	10.0	10.0	2.83765207473	0.835354183782
CS.187	51.0	16.0	16.0	3.55147394176	0.895161475504
CS.189	29.0	8.0	8.0	2.67818449854	0.828464520145
CS.204	28.0	7.0	7.0	2.69175746279	0.833504207783
CS.247	54.0	12.0	12.0	3.08991907712	0.854350063198
CS.269	32.0	7.0	7.0	1.70539396817	0.556603603441
CS.288	33.0	9.0	9.0	2.46621365241	0.755508554541
CS.292	31.0	7.0	7.0	2.39327441242	0.77613684635
CS.303	41.0	10.0	10.0	3.0723306742	0.867805246078
CS.320	32.0	7.0	7.0	2.62986340943	0.822022574203
CS.337	24.0	5.0	5.0	2.1085755251	0.736083591593
CS.344	34.0	8.0	8.0	2.3182840837	0.768177954976
CS.348	29.0	7.0	7.0	2.22966785699	0.740685127037
CS.379	19.0	4.0	4.0	1.51658136943	0.562499219618
TFS.024	19.0	4.0	4.0	1.81873030298	0.679207799482
CS.316	42.0	10.0	10.0	2.72664412418	0.805514219577
CS.018	25.0	6.0	6.0	2.04067796487	0.678085469006
CS.026	24.0	5.0	5.0	2.06562540469	0.734439553088
CS.028	29.0	7.0	7.0	2.55541219808	0.809866167287
CS.137	43.0	11.0	11.0	2.50869952004	0.719378958762
CS.213	22.0	5.0	5.0	1.89859195078	0.692932553072
L.033.M6	28.0	6.0	6.0	2.21048244368	0.753743964286
T.CS.032	33.0	7.0	7.0	1.85309326309	0.615651794656
CS.111	31.0	7.0	7.0	2.48788947462	0.80244540324
L.032.M4	24.0	5.0	5.0	1.5582214813	0.530996489105
CS.321	28.0	7.0	7.0	2.40371798841	0.772818017733
CS.152	36.0	9.0	9.0	3.0259092322	0.862154821186
CS.169	28.0	6.0	6.0	2.08598340982	0.723077773763
T.CS.148	69.0	20.0	20.0	3.33215684896	0.86471477408
CS.055	41.0	10.0	10.0	2.72978992067	0.807341363786
CS.113	40.0	10.0	10.0	2.94960093474	0.841679876196
CS.119	49.0	13.0	13.0	3.18755957615	0.873822541896
CS.160	39.0	10.0	10.0	2.71669129391	0.81781700862
CS.167	41.0	9.0	9.0	2.28578461398	0.746697611241
CS.170	45.0	10.0	10.0	2.48620110446	0.763933775506
CS.171	51.0	12.0	12.0	2.76006752471	0.813656724331
CS.230	38.0	10.0	10.0	2.36126961007	0.75780465453
CS.008	32.0	7.0	7.0	2.5010559345	0.79163473895
CS.011	32.0	7.0	7.0	2.29446026325	0.744015096531
CS.014	19.0	4.0	4.0	1.36801519326	0.488292987996
CS.040	21.0	5.0	5.0	2.269573451	0.785952178968
CS.122	36.0	9.0	9.0	2.83171451261	0.845243336481
CS.123	40.0	10.0	10.0	2.76183221952	0.835930484549
T.CS.072	20.0	5.0	5.0	1.56329075015	0.562736837354
T.CS.124	68.0	19.0	19.0	2.51324636866	0.670306643533
CS.030	33.0	8.0	8.0	2.80728068172	0.84090175422
CS.034	20.0	6.0	6.0	1.97204785059	0.661416320777
CS.041	26.0	6.0	6.0	1.45799345967	0.451210978468
CS.044	19.0	4.0	4.0	1.19763732099	0.419215094787
CS.045	20.0	6.0	6.0	1.97204785059	0.661416320777
CS.046	69.0	20.0	20.0	3.66057722822	0.897487715889
CS.047	31.0	8.0	8.0	2.80275213796	0.848339233734
CS.052	28.0	6.0	6.0	2.00199744194	0.70674723236
CS.058	40.0	10.0	10.0	2.65476774695	0.791061533215
CS.065	42.0	11.0	11.0	3.15603067439	0.871692446243
CS.073	33.0	8.0	8.0	2.3256004003	0.746454768953
CS.082	23.0	5.0	5.0	1.77166033446	0.646520264964
CS.098	29.0	7.0	7.0	2.3415908121	0.749617518373
CS.126	24.0	6.0	6.0	2.38946765861	0.790036396507
CS.133	28.0	7.0	7.0	2.4420862489	0.775594068368
CS.134	39.0	10.0	10.0	2.58114524084	0.764468862792
CS.138	23.0	5.0	5.0	2.12181189156	0.747664772356
CS.155	48.0	11.0	11.0	2.86700397544	0.809290666667
CS.157	20.0	4.0	4.0	1.89926907666	0.718434427068
CS.163	42.0	12.0	12.0	2.83689812932	0.824291815532
CS.173	21.0	5.0	5.0	1.50346442548	0.549066666667
CS.196	32.0	7.0	7.0	2.23123627694	0.759516429846
CS.215	34.0	8.0	8.0	2.84075859348	0.848944636678
CS.220	30.0	8.0	8.0	1.9451633417	0.631937445803
CS.221	21.0	5.0	5.0	1.50346442548	0.549066666667
CS.236	24.0	5.0	5.0	1.62437819654	0.622333243316
CS.237	27.0	7.0	7.0	2.15535428693	0.702342492534
CS.238	28.0	6.0	6.0	1.64495635085	0.561772238525
CS.261	24.0	6.0	6.0	2.15464323793	0.732384529503
CS.272	52.0	13.0	13.0	2.73221320104	0.802796098158
CS.274	44.0	14.0	14.0	3.30620134753	0.876419982769
CS.277	25.0	6.0	6.0	2.48201587498	0.809273685773
CS.286	43.0	11.0	11.0	2.23114159681	0.664425713294
CS.300	48.0	15.0	14.0	3.06543802679	0.842115041617
CS.301	51.0	14.0	14.0	3.17774086489	0.865517657816
CS.327	33.0	7.0	7.0	2.13500780522	0.691053008549
CS.330	47.0	12.0	12.0	2.64387124264	0.792190746204
CS.335	19.0	4.0	4.0	1.74596245014	0.658604060618
CS.338	19.0	4.0	4.0	1.95142318002	0.734743065437
CS.343	32.0	7.0	7.0	2.275547272	0.739004426939
CS.364	36.0	9.0	9.0	2.69894177775	0.809821606648
CS.367	32.0	7.0	7.0	2.25813940976	0.748409216861
CS.382	28.0	6.0	6.0	2.30871433118	0.781147316247
L.002.M4	39.0	10.0	10.0	2.87945017048	0.837280789069
L.003.M5	36.0	10.0	10.0	2.34649865256	0.695975456538
L.005.M3	38.0	9.0	9.0	2.40052716011	0.737391709426
L.007.M1	31.0	7.0	7.0	2.49811593232	0.793524534603
L.012.M1	32.0	7.0	7.0	2.22435091919	0.742890162683
L.025.M4	25.0	6.0	6.0	1.86106945534	0.675170552214
L.032.M6	27.0	6.0	6.0	1.90369287653	0.696246875137
L.036.M1	29.0	7.0	7.0	2.45635715363	0.783647305209
T.CS.001	33.0	8.0	8.0	2.47299686655	0.777321611113
T.CS.004	18.0	4.0	4.0	1.78013704967	0.672105160265
T.CS.005	22.0	5.0	5.0	2.03212781351	0.724488811728
T.CS.009	18.0	4.0	4.0	1.73384345831	0.670695098597
T.CS.014	15.0	3.0	3.0	1.1139917474	0.457411452711
T.CS.018	15.0	3.0	3.0	1.03166634105	0.432030494167
T.CS.021	18.0	4.0	4.0	1.18993825949	0.41120738245
T.CS.031	27.0	6.0	6.0	1.52637873689	0.489529712743
T.CS.033	37.0	8.0	8.0	2.37442977373	0.737193650794
T.CS.034	26.0	7.0	7.0	2.44932954241	0.784143464334
T.CS.035	31.0	7.0	7.0	2.2709353223	0.717479437157
T.CS.037	16.0	4.0	4.0	1.12026532241	0.414106445313
T.CS.042	15.0	3.0	3.0	1.09649888997	0.451716101513
T.CS.046	23.0	6.0	6.0	1.83243496062	0.644970384194
T.CS.048	31.0	7.0	7.0	1.96595116029	0.651946481225
T.CS.049	28.0	7.0	7.0	2.42114692965	0.775778577512
T.CS.055	23.0	5.0	5.0	1.48303831177	0.576922635445
T.CS.065	23.0	5.0	5.0	1.68721539484	0.601662700773
T.CS.074	24.0	6.0	6.0	1.57220830136	0.506019315547
T.CS.075	19.0	4.0	4.0	1.81376470962	0.684763908762
T.CS.079	28.0	7.0	7.0	1.54426196881	0.504600313532
T.CS.083	27.0	7.0	7.0	2.28437506605	0.739599219877
T.CS.087	25.0	6.0	6.0	2.08823604355	0.688677168515
T.CS.089	19.0	4.0	4.0	1.70539166837	0.631410732868
T.CS.091	28.0	7.0	7.0	1.34921984275	0.439634563575
T.CS.109	31.0	7.0	7.0	2.12806644078	0.72647339523
T.CS.118	38.0	10.0	10.0	2.07274024196	0.638503961255
T.CS.126	40.0	9.0	9.0	2.2535560318	0.723634806925
T.CS.134	41.0	10.0	10.0	2.07575172281	0.666537474078
T.CS.138	39.0	10.0	10.0	2.32154421271	0.695970986244
T.CS.139	35.0	9.0	9.0	2.36698414411	0.716812730289
T.CS.153	32.0	8.0	8.0	2.01021417822	0.656285102474
T.CS.170	41.0	12.0	12.0	2.07275645625	0.638228933512
T.CS.171	51.0	17.0	17.0	3.35113837052	0.843979103951
TFS.004	34.0	7.0	7.0	1.24036816339	0.375454014222
TFS.021	33.0	7.0	7.0	2.15143799229	0.691260545552
TFS.022	23.0	5.0	5.0	1.32470724219	0.451849703634
TFS.028	15.0	3.0	3.0	1.47555132277	0.620170601009
CS.234	25.0	6.0	6.0	2.16826640738	0.720850333561
CS.302	32.0	10.0	10.0	2.85098973323	0.82885225334
CS.334	44.0	13.0	13.0	3.33623051744	0.877318545973
T.CS.011	18.0	4.0	4.0	1.33614068248	0.520037187705
CS.059	20.0	4.0	4.0	1.87963239796	0.707737145806
CS.217	20.0	5.0	5.0	1.67898344724	0.628006952707
L.005.M2	27.0	6.0	6.0	2.34105038011	0.782325577861
L.007.M2	26.0	6.0	6.0	2.26968905864	0.754912815043
L.007.M6	18.0	4.0	4.0	1.65945657379	0.631154089095
L.022.M2	28.0	6.0	6.0	2.27130817502	0.75969287498
L.025.M5	30.0	7.0	7.0	2.24724122445	0.743283409117
T.CS.029	19.0	4.0	4.0	1.86575116989	0.702734093241
T.CS.052	25.0	6.0	6.0	2.15067727639	0.718563809095
T.CS.061	25.0	6.0	6.0	2.00055176712	0.673604081198
CS.068	61.0	16.0	15.0	2.77293727139	0.7936584308
T.CS.054	32.0	7.0	7.0	2.47449647845	0.78208292656
T.CS.068	20.0	6.0	6.0	1.55412036022	0.521192790842
T.CS.077	19.0	4.0	4.0	1.86394524581	0.697781405896
TFS.023	29.0	6.0	6.0	1.68610782756	0.566255456311
T.CS.022	27.0	6.0	6.0	2.17794180529	0.72947652837
CS.284	37.0	8.0	8.0	2.66489959208	0.820910752297
CS.013	25.0	6.0	6.0	1.75136549439	0.584460272959
CS.090	28.0	6.0	6.0	2.32380954452	0.770822670437
CS.368	44.0	10.0	10.0	2.97857417496	0.850584520605
CS.375	20.0	5.0	5.0	1.85715231742	0.694884519947
CS.285	52.0	13.0	13.0	3.22459656837	0.870654082143
T.CS.154	30.0	8.0	8.0	2.19408640403	0.707763056248
L.032.M0	69.0	21.0	21.0	3.2900586488	0.834786078551
L.033.M0	56.0	15.0	15.0	2.56278048878	0.735554727885
T.CS.136	32.0	9.0	9.0	1.9137661583	0.587226982697
T.CS.122	34.0	8.0	8.0	2.1529968936	0.697903451046
CS.071	40.0	9.0	9.0	2.67094001068	0.818510934363
T.CS.047	28.0	6.0	6.0	1.86878166732	0.665299039587
T.CS.108	27.0	8.0	8.0	1.98080808895	0.62255129304
CS.232	63.0	15.0	15.0	3.12784298733	0.842479189805
L.005.M1	47.0	12.0	12.0	2.98912938864	0.823524987953
L.012.M2	15.0	3.0	3.0	1.51082353152	0.634269584991
L.001.M0	25.0	6.0	6.0	1.96779390023	0.707786465814
CS.258	19.0	4.0	4.0	1.88624952544	0.709294222951
CS.328	29.0	9.0	8.0	2.16199081679	0.724623756802
L.036.M0	48.0	14.0	14.0	2.51457608118	0.728624260355
T.CS.145	25.0	8.0	8.0	2.05962701773	0.638988360869
CS.004	33.0	8.0	8.0	2.60385246852	0.79291003707
CS.053	30.0	6.0	6.0	1.78436039446	0.661316526866
CS.103	31.0	7.0	7.0	2.27521389698	0.709131928113
CS.114	24.0	6.0	6.0	1.80994008001	0.675995160059
CS.116	38.0	8.0	8.0	2.70641831643	0.831980321448
CS.124	37.0	9.0	9.0	2.62618379296	0.822162636048
CS.153	23.0	5.0	5.0	1.75933609335	0.61403190914
CS.161	35.0	9.0	9.0	2.81851840217	0.835102127831
CS.178	46.0	13.0	13.0	3.00555058155	0.818296800202
CS.191	30.0	7.0	7.0	2.18434869872	0.733042939473
CS.207	19.0	4.0	4.0	1.8364482177	0.689371428571
CS.224	35.0	8.0	8.0	2.80492901155	0.838503562719
CS.253	40.0	9.0	9.0	2.92283912182	0.85607300657
CS.304	29.0	6.0	6.0	1.82486583233	0.640300616625
CS.306	40.0	9.0	9.0	2.85611199373	0.834552012512
CS.307	28.0	7.0	7.0	2.14836060733	0.671402267446
CS.329	34.0	9.0	9.0	2.73615671566	0.829185347321
CS.384	10.0	2.0	2.0	0.829274304872	0.386409293388
CS.500	10.0	2.0	2.0	0.829274304872	0.386409293388
L.007.M4	24.0	6.0	6.0	2.08841565624	0.725510150495
L.008.M4	33.0	8.0	8.0	2.45650500462	0.781063368102
L.012.M6	23.0	5.0	5.0	1.78768082494	0.658857881814
L.036.M5	37.0	9.0	9.0	2.68512238079	0.807982085561
T.CS.016	10.0	2.0	2.0	0.995550493283	0.496919008958
T.CS.041	24.0	5.0	5.0	1.65214174913	0.58533218077
T.CS.082	36.0	9.0	9.0	2.63345823916	0.770632530481
T.CS.086	24.0	5.0	5.0	1.95821499606	0.67695743427
T.CS.092	29.0	6.0	6.0	2.22309641227	0.747483687352
T.CS.140	44.0	10.0	10.0	2.51422908092	0.78742568635
T.CS.017	22.0	5.0	5.0	1.95016135891	0.693431052945
T.CS.044	19.0	4.0	4.0	1.47501676297	0.569506246282
T.CS.110	21.0	5.0	5.0	1.86723718168	0.678775589961
L.024.M3.NOSAMPLE	14.0	3.0	3.0	1.35574427355	0.580664702689
L.025.M3	23.0	6.0	6.0	2.26357150841	0.764724008319
L.032.M2	24.0	5.0	5.0	2.12354203048	0.751484395996
T.CS.151	45.0	12.0	12.0	2.00160798477	0.546616954235
CS.005	24.0	5.0	5.0	2.10045487051	0.74435718128
CS.023	36.0	8.0	8.0	2.31881757009	0.745328112021
CS.193	19.0	4.0	4.0	1.78399484654	0.671227444865
CS.336	26.0	6.0	6.0	2.38044222044	0.786722550953
CS.356	32.0	8.0	8.0	2.56105936563	0.796787917036
L.033.M2	19.0	4.0	4.0	1.28052797091	0.468586380616
T.CS.066	18.0	4.0	4.0	1.20875687342	0.437173927129
T.CS.063	28.0	6.0	6.0	2.08383663274	0.709174111127
T.CS.099	29.0	7.0	7.0	2.14988156937	0.689954726596
CS.056	25.0	7.0	7.0	2.54161137436	0.805252652253
CS.002	36.0	8.0	8.0	2.75115450784	0.832594624409
CS.127	19.0	4.0	4.0	1.82683472032	0.690752766853
T.CS.107	15.0	3.0	3.0	1.14771883625	0.461347941624
L.035.M0	37.0	9.0	9.0	1.7103376321	0.508517616681
T.CS.103	25.0	7.0	7.0	1.94856581994	0.661441126831
T.CS.168	36.0	12.0	12.0	2.17364490226	0.62627747326
CS.154	38.0	8.0	8.0	1.76552207877	0.57989437846
T.CS.053	23.0	5.0	5.0	1.71736979128	0.594572620141
CS.202	29.0	6.0	6.0	2.04456706711	0.693567604149
CS.383	27.0	6.0	6.0	1.79341733338	0.585149222026
CS.282	42.0	9.0	9.0	2.9034192105	0.845804404624
CS.347.0	25.0	5.0	5.0	2.13697376568	0.750253501469
T.CS.123	44.0	12.0	12.0	2.65271539463	0.771910421264
CS.376	31.0	7.0	7.0	2.28484596675	0.74751267414
L.035.M6	13.0	3.0	3.0	0.715578565045	0.248676915323
CS.287	35.0	9.0	9.0	2.78876679116	0.832131817389
CS.262	43.0	11.0	11.0	2.82938642925	0.812010648805
CS.378	25.0	6.0	6.0	0.742901225691	0.220842740755
CS.168	24.0	5.0	5.0	1.84510626039	0.681828567154
T.CS.152	38.0	11.0	11.0	1.62757437357	0.48354780721
CS.007	36.0	8.0	8.0	2.5279946085	0.786196474356
CS.341	19.0	4.0	4.0	1.92373475038	0.722101242747
CS.076	53.0	13.0	13.0	2.96323126857	0.852442341345
CS.080	29.0	7.0	7.0	2.4292106487	0.778398581263
CS.366	24.0	5.0	5.0	1.9287067345	0.666832307221
CS.381	21.0	5.0	5.0	1.88437886331	0.683072727273
CS.365	19.0	5.0	5.0	2.10878941253	0.733915366472
T.CS.039	20.0	5.0	5.0	1.76372919669	0.631784725764
T.CS.169	23.0	5.0	5.0	2.0645410626	0.73023053646
L.034.M2	19.0	4.0	4.0	1.84978634964	0.693088847117
CS.012	15.0	3.0	3.0	0.78493147908	0.277504
CS.020	30.0	7.0	7.0	2.22761116186	0.742668976944
CS.022	28.0	6.0	6.0	2.23113381586	0.757877236984
CS.024	23.0	5.0	5.0	2.13688162099	0.755374549679
CS.083	20.0	5.0	5.0	1.54734945146	0.593836798249
CS.085	34.0	8.0	8.0	2.4706301306	0.751947681332
CS.089	33.0	9.0	9.0	2.46629139678	0.780866559767
CS.094	28.0	6.0	6.0	2.01603018835	0.688232484217
CS.097	20.0	5.0	5.0	1.23292406581	0.428710246244
CS.105	28.0	6.0	6.0	2.18068438871	0.746456231116
CS.106	25.0	5.0	5.0	1.82183479037	0.661015322129
CS.110	35.0	10.0	10.0	2.55490483166	0.76093369219
CS.139	15.0	3.0	3.0	1.23704383879	0.498890251353
CS.141	23.0	6.0	6.0	2.00807641222	0.671629899273
CS.142	35.0	8.0	8.0	2.56085501429	0.79665063608
CS.175	15.0	3.0	3.0	1.32612577916	0.543613735692
CS.198	30.0	7.0	7.0	2.43617665543	0.787000455166
CS.245	15.0	3.0	3.0	1.16925113778	0.475750151964
CS.246	24.0	6.0	6.0	1.75502619643	0.582849475389
CS.281	19.0	4.0	4.0	1.16616247772	0.447105102118
CS.314	20.0	5.0	5.0	1.32916442501	0.484824672813
CS.317	24.0	5.0	5.0	1.92712972339	0.668405922847
CS.357	29.0	6.0	6.0	2.32204178115	0.763786884311
L.002.M1	33.0	8.0	8.0	2.19657939754	0.707930652478
L.002.M2	34.0	10.0	10.0	2.26572314197	0.704816776622
L.003.M0	26.0	6.0	6.0	1.7912246516	0.652395944604
L.003.M1	25.0	6.0	6.0	2.0976918818	0.694582245329
L.003.M4	29.0	8.0	8.0	2.08806516267	0.684029454306
L.003.M6	39.0	9.0	9.0	2.687483061	0.815734982384
L.005.M5	23.0	6.0	6.0	2.18237106655	0.740834889666
L.005.M6	33.0	7.0	7.0	2.2505811333	0.750623897979
L.011.M1	20.0	5.0	5.0	1.58057199426	0.547716299578
L.012.M3	20.0	4.0	4.0	1.64364814709	0.612021546558
L.012.M4	16.0	4.0	4.0	1.33452356977	0.537747195777
L.022.M4	28.0	6.0	6.0	1.91192636086	0.690156582943
L.024.M2	19.0	4.0	4.0	1.43211792388	0.575587287462
L.024.M6	23.0	5.0	5.0	1.96751712584	0.687224379833
L.031.M3	43.0	10.0	10.0	2.63859091102	0.784409648904
L.032.M1	24.0	5.0	5.0	1.95827482154	0.702317389127
L.033.M1	29.0	8.0	8.0	2.31837002704	0.767486390829
L.034.M1	16.0	4.0	4.0	1.36516631127	0.494671998659
L.034.M3	30.0	7.0	7.0	2.35899159434	0.776350735505
L.035.M1	35.0	10.0	10.0	2.69640612835	0.784860768158
L.036.M2	24.0	5.0	5.0	1.83421408568	0.635295266316
L.036.M3	31.0	8.0	8.0	2.46031872107	0.792839029311
T.CS.094	33.0	8.0	8.0	2.22044310167	0.671130869196
T.CS.098	49.0	14.0	14.0	2.41703901599	0.661448988382
T.CS.101	20.0	6.0	6.0	1.60017880621	0.522905675876
T.CS.102	20.0	6.0	6.0	1.70042201163	0.564157114912
T.CS.104	23.0	6.0	6.0	1.62468851053	0.589583609894
T.CS.114	43.0	13.0	13.0	2.53930946066	0.752106762899
T.CS.115	34.0	8.0	8.0	2.49835687521	0.774203174569
T.CS.120	37.0	11.0	11.0	2.46027623663	0.740030816394
T.CS.121	37.0	12.0	12.0	2.56965788825	0.715509280217
T.CS.125	27.0	8.0	8.0	1.54773320284	0.453750109805
T.CS.131	45.0	12.0	12.0	1.984323669	0.579977697464
T.CS.132	44.0	11.0	11.0	1.81659531365	0.519092736147
T.CS.137	35.0	10.0	10.0	2.03885084171	0.664690558781
T.CS.141	23.0	6.0	6.0	1.68539785604	0.551010722349
T.CS.142	25.0	8.0	8.0	1.83576789133	0.566513117495
T.CS.144	24.0	6.0	6.0	1.37393703891	0.470070451365
T.CS.147	20.0	6.0	6.0	0.988925677618	0.294291873128
T.CS.149	43.0	11.0	11.0	2.20810139162	0.722896377355
T.CS.150	22.0	5.0	5.0	1.72948265125	0.652888749392
T.CS.155	31.0	7.0	7.0	2.18442783018	0.732794353018
T.CS.156	41.0	9.0	9.0	1.91621615116	0.584885999908
T.CS.158	39.0	13.0	13.0	2.42577649518	0.668958257852
T.CS.166	33.0	7.0	7.0	1.71289621705	0.595147532638
T.CS.179	40.0	9.0	9.0	2.28878627758	0.729409697423
TFS.005	41.0	11.0	11.0	1.93880433614	0.585208075266
TFS.006	39.0	9.0	9.0	2.0169608907	0.675742908701
CS.031	14.0	3.0	3.0	1.21875814039	0.492579868783
CS.102	26.0	6.0	6.0	1.97008367299	0.69504432434
L.001.M1	33.0	7.0	7.0	2.09722187052	0.728620017435
CS.009	29.0	7.0	7.0	2.41550815632	0.758221137215
CS.016	19.0	4.0	4.0	1.80639202868	0.688950833448
CS.017	15.0	3.0	3.0	1.18830831015	0.533815888131
CS.099	42.0	11.0	11.0	3.03087917778	0.861989040546
CS.260	29.0	7.0	7.0	2.42357703445	0.781281558388
L.003.M2	26.0	7.0	7.0	2.30219305163	0.756859242595
L.031.M5	19.0	7.0	7.0	2.01873493506	0.708395263575
T.CS.146	20.0	6.0	6.0	1.53991685651	0.541876717465
T.CS.178	34.0	11.0	11.0	1.97333684046	0.656274949194
T.CS.135	41.0	11.0	11.0	2.36774344653	0.710070038945
T.CS.013	20.0	4.0	4.0	1.44677256034	0.540204715949
T.CS.164	29.0	6.0	6.0	1.43675570605	0.471433644451
L.008.M6	20.0	5.0	5.0	1.94690827405	0.671093791991
L.024.M4.NOSAMPLE	14.0	3.0	3.0	1.22990911776	0.517533459357
T.CS.026	20.0	4.0	4.0	1.70653744839	0.658968350649
T.CS.027	33.0	7.0	7.0	2.1868478966	0.743960207648
T.CS.040	15.0	3.0	3.0	1.48592278681	0.623750612685
T.CS.043	15.0	3.0	3.0	1.24141456437	0.525814346483
T.CS.105	50.0	12.0	12.0	2.52791662732	0.765117401768
T.CS.106	26.0	6.0	6.0	2.02502863561	0.670725275713
CS.057	29.0	7.0	7.0	2.10252815829	0.696256353578
T.CS.059	22.0	6.0	6.0	1.68968026575	0.553871815218
CS.078	36.0	9.0	9.0	2.52963577052	0.790123823958
CS.091	33.0	8.0	8.0	2.32631206603	0.747236402578
CS.229	19.0	4.0	4.0	1.53957274717	0.585985047241
CS.313	19.0	4.0	4.0	1.87336078126	0.712609874849
CS.042	19.0	4.0	4.0	1.83685266279	0.693718698386
L.012.M5	17.0	5.0	5.0	1.40554950348	0.515206460656
L.033.M4	31.0	7.0	7.0	2.31801610331	0.751335903443
L.036.M4	25.0	6.0	6.0	1.74673407555	0.614687345907
T.CS.070	15.0	3.0	3.0	1.42645233012	0.592427004888
T.CS.078	25.0	6.0	6.0	1.47917651314	0.497137829305
CS.257	25.0	6.0	6.0	2.18161032205	0.7439774129
L.004.M3	32.0	8.0	8.0	2.27412318831	0.72376021092
L.006.M2	25.0	6.0	6.0	2.10489403865	0.727797866805
L.007.M5	38.0	8.0	8.0	2.03718121279	0.708273656318
TFS.027	15.0	3.0	3.0	1.05498414761	0.403245149912
CS.208	20.0	4.0	4.0	1.88305694283	0.710771952275
CS.112	49.0	11.0	11.0	2.85430013861	0.810288773229
L.031.M1	36.0	9.0	9.0	2.52256559367	0.775610837812
CS.025	27.0	6.0	6.0	2.11940294314	0.739683413664
CS.267	60.0	17.0	17.0	2.86516815015	0.808489938063
T.CS.100	34.0	10.0	10.0	2.43957961847	0.726609737383
T.CS.160	38.0	9.0	9.0	2.20424644016	0.683934021538
T.CS.060	20.0	5.0	5.0	2.0135464229	0.717376485535
CS.254	46.0	11.0	11.0	3.1243291066	0.865477451375
CS.074	36.0	8.0	8.0	2.54448422858	0.798831440485
CS.084	22.0	5.0	5.0	1.79545456422	0.621917796842
CS.087	25.0	6.0	6.0	1.94457063754	0.682793209877
CS.093	26.0	6.0	6.0	1.9922035017	0.706166303332
CS.109	33.0	9.0	9.0	2.83568795574	0.836107409648
CS.140	20.0	5.0	5.0	2.0142012748	0.706998118785
CS.244	23.0	6.0	6.0	1.85385912352	0.673452933982
L.022.M1	23.0	6.0	6.0	1.89081816716	0.679934375
L.032.M3	20.0	4.0	4.0	1.59330255744	0.618121190602
L.032.M5	23.0	5.0	5.0	2.00873409791	0.734176891168
L.033.M3	30.0	6.0	6.0	2.13175308184	0.726290378918
L.033.M5	29.0	6.0	6.0	2.20898273775	0.76180227203
L.034.M5	28.0	6.0	6.0	2.35992523762	0.784748763878
T.CS.088	22.0	5.0	5.0	2.01338803449	0.696053727613
CS.259	34.0	8.0	8.0	2.76996254121	0.841169213569
CS.295	25.0	7.0	7.0	2.20838009261	0.722782088658
CS.296	25.0	7.0	7.0	2.04140675594	0.671656829636
L.002.M5	35.0	8.0	8.0	2.47172820899	0.78748267942
L.002.M6.0	30.0	7.0	7.0	2.48821373289	0.792143958714
L.022.M5	22.0	5.0	5.0	2.08109153664	0.748919765303
T.CS.020	25.0	6.0	6.0	2.24288288759	0.740190733858
T.CS.081	28.0	7.0	7.0	2.25889185909	0.722998203706
TFS.020	22.0	5.0	5.0	1.95634296275	0.694452285767
CS.010	30.0	7.0	7.0	2.50750262661	0.80617764327
CS.021	21.0	5.0	5.0	1.68095846494	0.642687836135
CS.118	62.0	17.0	17.0	3.39219150883	0.882111340882
CS.346	15.0	3.0	3.0	1.21514081664	0.488147154768
L.022.M6	15.0	3.0	3.0	1.04489403177	0.456494703486
L.024.M1	24.0	5.0	5.0	2.15281556188	0.754035029951
L.024.M5	24.0	5.0	5.0	1.45605512498	0.525619024501
L.031.M0	19.0	5.0	5.0	1.63924694218	0.565442603666
L.034.M4	18.0	4.0	4.0	1.9748607285	0.741883211396
T.CS.023	19.0	5.0	5.0	1.56324827262	0.55361534502
T.CS.095	28.0	7.0	7.0	2.00941201044	0.658774709161
T.CS.161	41.0	9.0	9.0	1.88912471455	0.661012327303
TFS.029	19.0	4.0	4.0	1.7925658873	0.679133207851
CS.070	34.0	8.0	8.0	2.53694034766	0.788423775698
CS.051	29.0	8.0	8.0	2.51985852111	0.791196695255
CS.062	28.0	7.0	7.0	2.63990607418	0.824885500282
CS.130	27.0	6.0	6.0	2.20155421809	0.747260051243
L.025.M1	22.0	5.0	5.0	2.07147515009	0.726077987756
CS.294	24.0	5.0	5.0	2.09035931803	0.743070836874
CS.136	25.0	5.0	5.0	2.02500259593	0.72163160655
CS.151	18.0	4.0	4.0	1.89619902695	0.712451523546
CS.373	15.0	3.0	3.0	1.35442801611	0.575493561985
CS.387	23.0	5.0	5.0	1.82229822659	0.661417205906
CS.194	26.0	6.0	6.0	2.26079798204	0.764920139976
CS.339	25.0	5.0	5.0	2.15578718731	0.763359619442
CS.342	25.0	5.0	5.0	2.15578718731	0.763359619442
CS.205	29.0	6.0	6.0	1.82856538211	0.63894978696
CS.219	27.0	7.0	7.0	2.61299372386	0.815435366164
L.034.M6	19.0	4.0	4.0	1.9162301689	0.718011045722
T.CS.050	23.0	5.0	5.0	2.04241430557	0.719851901904
T.CS.051	15.0	3.0	3.0	1.37365862863	0.56145472895
T.CS.080	22.0	5.0	5.0	2.1449649723	0.745732080517
T.CS.064	15.0	3.0	3.0	1.32709933176	0.567880263481
CS.132	10.0	2.0	2.0	0.113808788088	0.0300161212959
CS.038	13.0	3.0	3.0	1.43967734936	0.597248
CS.064	20.0	4.0	4.0	1.82620840243	0.691422168918
T.CS.090	20.0	4.0	4.0	1.41632721244	0.534841781595
CS.251	24.0	5.0	5.0	1.41466060716	0.505870343866
L.006.M5	18.0	4.0	4.0	1.60117152844	0.595759410394
T.CS.003	15.0	3.0	3.0	1.07369231815	0.423550751304
T.CS.045	20.0	4.0	4.0	1.67918283952	0.64928664506
CS.088	15.0	3.0	3.0	1.2189104993	0.496979166667
CS.092	32.0	7.0	7.0	2.45316203993	0.78434099048
L.006.M4	18.0	4.0	4.0	1.65482999034	0.628657375346
T.CS.028	23.0	5.0	5.0	1.54708399698	0.517600847423
T.CS.038	15.0	3.0	3.0	1.18407764449	0.475403384494
T.CS.058	24.0	6.0	6.0	1.02201178255	0.300760952763
T.CS.076	18.0	4.0	4.0	1.52632420989	0.555959429215
T.CS.117	31.0	7.0	7.0	2.14204353943	0.732571887513
CS.241	19.0	4.0	4.0	1.44465475943	0.573402258399
CS.333	28.0	6.0	6.0	2.17368331589	0.715964366687
T.CS.129	23.0	5.0	5.0	1.13372137253	0.397976274466
T.CS.165	25.0	6.0	6.0	1.9474176968	0.636781684308
T.CS.067	19.0	4.0	4.0	1.67876977209	0.649320233537
T.CS.112	27.0	6.0	6.0	1.17993050896	0.37437457707
CS.358	30.0	7.0	7.0	2.68188570802	0.834834732703
CS.148	49.0	12.0	12.0	3.0559307193	0.855857181919
CS.248	20.0	5.0	5.0	1.78210671787	0.684826882812
T.CS.097	24.0	6.0	6.0	2.01449192061	0.706468938528
CS.027	25.0	6.0	6.0	1.98748017113	0.716400285604
CS.312	43.0	12.0	12.0	2.80472176032	0.806794343899
T.CS.084	23.0	5.0	5.0	1.94097277074	0.704621977349
CS.361	37.0	10.0	10.0	2.46072297382	0.713235260245
CS.104	20.0	5.0	5.0	1.85603311516	0.669093440225
CS.318	16.0	5.0	5.0	1.90789111255	0.695988820454
CS.001	22.0	5.0	5.0	1.8945801267	0.685341796875
T.CS.056	13.0	3.0	3.0	1.38103834706	0.588316444444
CS.015	21.0	5.0	5.0	2.16288297	0.75738503543
CS.035	15.0	5.0	5.0	0.832179596488	0.264969139796
CS.143	19.0	5.0	5.0	1.84243713999	0.671078367941
CS.174	16.0	4.0	4.0	1.52471317534	0.591549295775
CS.197	16.0	4.0	4.0	1.52471317534	0.591549295775
CS.200	19.0	5.0	5.0	1.48934799017	0.511891137247
CS.239	14.0	4.0	4.0	1.47614851732	0.552085224102
CS.240	22.0	7.0	7.0	2.37626089466	0.782254515424
CS.354	14.0	4.0	4.0	1.62098716802	0.617304804264
CS.371	15.0	5.0	5.0	1.95039619174	0.685271183346
CS.371.0	15.0	5.0	5.0	1.95039619174	0.685271183346
CS.371.1	15.0	5.0	5.0	1.95039619174	0.685271183346
L.006.M6	22.0	5.0	5.0	1.7654594319	0.636430256596
L.025.M2	13.0	3.0	3.0	1.262551981	0.513561016243
T.CS.002	14.0	3.0	3.0	1.23339797893	0.519674786901
T.CS.008	17.0	4.0	4.0	1.41237893532	0.516320602474
T.CS.012	14.0	3.0	3.0	1.0631815556	0.410327914244
T.CS.024	10.0	2.0	2.0	0.795679296503	0.365199704142
T.CS.030	5.0	1.0	1.0	-0.0	0.0
T.CS.036	11.0	3.0	3.0	1.19648792033	0.473659375
T.CS.057	18.0	5.0	5.0	1.92283308937	0.675969588207
T.CS.062	14.0	3.0	3.0	1.31878727473	0.561527051038
T.CS.069	14.0	4.0	4.0	1.61466460784	0.591638871615
T.CS.071	13.0	3.0	3.0	1.26483212538	0.515817380671
T.CS.073	16.0	4.0	4.0	1.50735684785	0.584957769365
T.CS.085	13.0	3.0	3.0	1.12627675415	0.489651548514
TFS.026	11.0	3.0	3.0	1.24013698802	0.494268899955
CS.190	6.0	2.0	2.0	0.892866761846	0.427598089122
CS.216	15.0	4.0	4.0	1.62275214064	0.667216160214
CS.107	14.0	4.0	4.0	1.58988500254	0.628124488234
CS.108	14.0	4.0	4.0	1.58988500254	0.628124488234
L.004.M6	5.0	1.0	1.0	-0.0	0.0
T.CS.167	10.0	2.0	2.0	0.741806591882	0.331996552715
