	chao1	observed_otus	shannon	simpson
CS.001	338.0	338.0	6.86756404063	0.983843393598
CS.002	237.0	237.0	6.28707505905	0.975287212693
CS.003	213.0	213.0	6.1706077028	0.970574560438
CS.004	158.0	158.0	5.9794958955	0.971866144715
CS.005	351.0	351.0	6.66408619351	0.977750476182
CS.006	208.0	208.0	5.76659542576	0.957046881083
CS.007	203.0	203.0	5.55420385601	0.938315170124
CS.008	200.0	200.0	6.07827206918	0.967659512929
CS.009	139.0	139.0	5.47665856578	0.963663083609
CS.010	157.0	157.0	5.99458593135	0.950560475778
CS.011	326.0	326.0	6.67675885098	0.977013571944
CS.012	279.0	279.0	6.51019135806	0.977808382725
CS.013	341.0	341.0	6.70598805634	0.974871953717
CS.014	331.0	331.0	6.37037477675	0.969875933952
CS.015	152.0	152.0	5.22288271251	0.944664937589
CS.016	188.0	188.0	5.71845818251	0.954172467488
CS.017	172.0	172.0	5.07762881357	0.898644050963
CS.018	113.0	113.0	5.04530285543	0.931157066869
CS.019	177.0	177.0	5.48878186812	0.951415416001
CS.020	156.0	156.0	5.6043476302	0.95707403648
CS.021	179.0	179.0	5.84352367459	0.965405679578
CS.022	142.0	142.0	5.40879914826	0.959900506395
CS.023	240.0	240.0	6.16396297453	0.967533268877
CS.024	355.0	355.0	6.8970123545	0.980924030587
CS.025	212.0	212.0	5.66387513091	0.943597572954
CS.026	199.0	199.0	6.48889794428	0.979572253773
CS.027	230.0	230.0	5.59276507572	0.94308641517
CS.028	262.0	262.0	6.43927842327	0.977158865936
CS.029	244.0	244.0	6.28442918359	0.974937173211
CS.030	240.0	240.0	6.29895745858	0.972878780023
CS.031	169.0	169.0	5.3763000212	0.957179612687
CS.032	124.0	124.0	4.7222557391	0.909557129741
CS.033	227.0	227.0	6.26092314178	0.975417068733
CS.035	208.0	208.0	5.70180396215	0.951755152264
CS.036	223.0	223.0	6.29786522252	0.977371646039
CS.037	143.0	143.0	5.4615987732	0.957084608099
CS.038	156.0	156.0	5.45303490747	0.9471185899
CS.039	123.0	123.0	5.73359560197	0.962931138048
CS.040	204.0	204.0	5.52264443537	0.947504396206
CS.041	164.0	164.0	4.93417702793	0.911113118979
CS.042	138.0	138.0	5.52386104211	0.961933630005
CS.043	188.0	188.0	6.20928744308	0.975240621483
CS.044	177.0	177.0	5.81459397902	0.964232899837
CS.045	172.0	172.0	6.225857968	0.978009180902
CS.046	276.0	276.0	6.27536148507	0.965418272296
CS.047	141.0	141.0	5.3846840325	0.954372079363
CS.049	141.0	141.0	5.19971501141	0.932554603126
CS.050	164.0	164.0	5.62542476146	0.963282653538
CS.051	148.0	148.0	5.77303601989	0.967310531401
CS.052	248.0	248.0	6.01028370457	0.965677140373
CS.053	255.0	255.0	6.20171668244	0.969069231645
CS.055	192.0	192.0	5.93267886657	0.968101299376
CS.056	159.0	159.0	5.87491704453	0.966193797878
CS.057	207.0	207.0	6.01105153608	0.969140526129
CS.058	211.0	211.0	6.10917403027	0.973695586214
CS.059	249.0	249.0	6.4645552102	0.979671841475
CS.060	192.0	192.0	5.7769570269	0.969332997255
CS.061	105.0	105.0	4.954094261	0.944817193009
CS.062	217.0	217.0	5.80933070605	0.961565460018
CS.063	173.0	173.0	5.73346987346	0.959432141057
CS.064	249.0	249.0	6.30775768634	0.976220173038
CS.065	188.0	188.0	5.72513898904	0.965066194722
CS.066	166.0	166.0	5.58428483954	0.958738010426
CS.067	93.0	93.0	4.77443593022	0.93737019837
CS.068	146.0	146.0	4.9612922801	0.932462966856
CS.070	112.0	112.0	4.61471663385	0.927106901643
CS.071	167.0	167.0	5.79497563061	0.96705620226
CS.072	319.0	319.0	6.44518263217	0.975295060569
CS.073	81.0	81.0	5.59322372685	0.969134509678
CS.074	170.0	170.0	5.30792845034	0.931082521707
CS.075	194.0	194.0	5.83450265075	0.962456996457
CS.076	167.0	167.0	5.30097151685	0.951208223701
CS.077	188.0	188.0	5.38641485361	0.934752937661
CS.078	150.0	150.0	5.69751303485	0.967035403045
CS.079	133.0	133.0	5.46524046564	0.95537716177
CS.080	166.0	166.0	5.66943525442	0.965250494062
CS.082	365.0	365.0	6.74033114373	0.977239382176
CS.083	304.0	304.0	6.51794456161	0.978927648944
CS.084	229.0	229.0	6.65107043115	0.981850465647
CS.085	291.0	291.0	6.8043600646	0.983299436018
CS.086	273.0	273.0	6.16460367169	0.966247579861
CS.087	158.0	158.0	5.13603718719	0.936716926005
CS.088	103.0	103.0	5.14841497877	0.947156643363
CS.089	274.0	274.0	6.31263734615	0.967631703321
CS.090	216.0	216.0	5.74312763606	0.95969594866
CS.091	152.0	152.0	5.70871245252	0.970285448497
CS.092	327.0	327.0	6.92921902879	0.983769918391
CS.093	290.0	290.0	6.37816817134	0.970354810773
CS.094	112.0	112.0	4.67310505037	0.915556982388
CS.095	278.0	278.0	6.60281611539	0.978816125322
CS.096	194.0	194.0	6.19569947503	0.975862943534
CS.097	164.0	164.0	5.6139866358	0.957181036657
CS.098	270.0	270.0	6.5274084303	0.980345323883
CS.099	155.0	155.0	5.29519561149	0.928776037227
CS.101	217.0	217.0	6.1778573838	0.9688333236
CS.102	186.0	186.0	5.50325715618	0.945105850717
CS.103	239.0	239.0	6.58517154415	0.980597646903
CS.104	212.0	212.0	5.95136984823	0.96659944593
CS.105	249.0	249.0	5.67575831993	0.942805276953
CS.106	263.0	263.0	6.20461004472	0.9715715213
CS.108	202.0	202.0	5.21991708412	0.915356995315
CS.109	325.0	325.0	6.40816270871	0.963281636503
CS.110	164.0	164.0	5.40143372713	0.954506903333
CS.111	264.0	264.0	6.09966518584	0.968880251212
CS.112	214.0	214.0	5.62330745689	0.952931816296
CS.113	169.0	169.0	5.44036714779	0.951334310272
CS.114	234.0	234.0	6.49868667729	0.978895775198
CS.115	143.0	143.0	5.27216332687	0.957124933885
CS.117	206.0	206.0	5.60342465036	0.956296388729
CS.118	186.0	186.0	5.19805426882	0.928257806049
CS.119	167.0	167.0	6.29877546095	0.980346081658
CS.120	243.0	243.0	6.01160781412	0.960183162735
CS.122	189.0	189.0	5.80009998889	0.959337775249
CS.123	152.0	152.0	5.35049624718	0.956896831425
CS.124	109.0	109.0	5.48255835674	0.968099605041
CS.130	232.0	232.0	6.28892707675	0.975887193034
CS.131	276.0	276.0	6.86003093642	0.985259461566
CS.132	253.0	253.0	6.3961289117	0.976057193219
CS.133	176.0	176.0	5.77908612586	0.969311384239
CS.135	186.0	186.0	5.86218790747	0.967054019583
CS.136	227.0	227.0	6.21276288135	0.974589595644
CS.137	364.0	364.0	6.09752946009	0.971248635917
CS.138	169.0	169.0	5.78336065541	0.9617251155
CS.139	98.0	98.0	5.27802025027	0.953188333875
CS.140	190.0	190.0	6.1417449223	0.973798282617
CS.141	110.0	110.0	5.64423207444	0.962506692605
CS.142	145.0	145.0	5.73829164441	0.968310041324
CS.143	220.0	220.0	6.25528566657	0.970700760456
CS.151	171.0	171.0	6.16476401146	0.97334568625
CS.153	278.0	278.0	6.43812806758	0.977421500551
CS.154	66.0	66.0	4.39343437385	0.924159171056
CS.155	188.0	188.0	6.43443005178	0.981576830974
CS.156	98.0	98.0	4.80863577639	0.935131035733
CS.157	44.0	44.0	4.51538909957	0.931562526499
CS.158	183.0	183.0	5.91424777329	0.971604829291
CS.159	172.0	172.0	5.85976719915	0.964549891642
CS.160	193.0	193.0	5.56160350453	0.951771889362
CS.161	152.0	152.0	5.36713748788	0.95360715488
CS.163	145.0	145.0	5.11313443642	0.950170770049
CS.164	88.0	88.0	4.01770350586	0.901764825741
CS.165	128.0	128.0	5.39622662767	0.956802791957
CS.167	139.0	139.0	5.13308355355	0.93797246976
CS.168	293.0	293.0	6.5395365253	0.974763663762
CS.169	264.0	264.0	6.03192431538	0.948570598895
CS.170	139.0	139.0	5.71538847615	0.961463674341
CS.171	224.0	224.0	5.62072940031	0.933090135281
CS.172	187.0	187.0	5.60066266032	0.956392162136
CS.173	151.0	151.0	5.55114798172	0.95279050007
CS.174	168.0	168.0	5.84391951722	0.962618640771
CS.175	109.0	109.0	4.50970161343	0.925873147999
CS.176	214.0	214.0	5.86535933161	0.957616420563
CS.188	119.0	119.0	5.38538938156	0.95452184219
CS.190	190.0	190.0	6.16209747152	0.971328754871
CS.191	195.0	195.0	5.84647627737	0.958016245176
CS.193	121.0	121.0	5.80585485607	0.971154500484
CS.194	80.0	80.0	4.75166131385	0.9367431843
CS.196	129.0	129.0	5.30760267606	0.9504654823
CS.198	166.0	166.0	5.53969894427	0.948322749725
CS.199	187.0	187.0	5.96136916142	0.972782626635
CS.200	377.0	377.0	7.29288791599	0.988075935029
CS.203	143.0	143.0	5.21914017587	0.940186326362
CS.205	80.0	80.0	5.07417810869	0.950435090025
CS.213	99.0	99.0	5.24501379218	0.953977750887
CS.217	222.0	222.0	6.27866048318	0.971378465572
CS.218	259.0	259.0	6.45788036356	0.97490412812
CS.219	225.0	225.0	5.84687834642	0.956750355745
CS.220	161.0	161.0	5.52236454955	0.948568801107
CS.222	101.0	101.0	5.20644434027	0.954511274245
CS.224	62.0	62.0	4.22198826514	0.883983847653
CS.227	103.0	103.0	4.98455637911	0.94262744363
CS.228	214.0	214.0	5.67624745103	0.957300720113
CS.229	163.0	163.0	5.72224010425	0.962321967729
CS.230	104.0	104.0	4.96097331465	0.925231378394
CS.231	215.0	215.0	6.29883434018	0.979438580791
CS.232	315.0	315.0	6.79974158425	0.982600779423
CS.233	179.0	179.0	5.64324914905	0.957881212033
CS.235	247.0	247.0	6.30119016345	0.969783631957
CS.236	121.0	121.0	5.02519060831	0.942323589347
CS.237	205.0	205.0	5.68584817986	0.954500876642
CS.238	212.0	212.0	6.30933142532	0.979239481677
CS.239	276.0	276.0	6.73521347705	0.982856494983
CS.240	161.0	161.0	5.36476566437	0.951525806919
CS.241	214.0	214.0	6.15598152984	0.974137215314
CS.247	223.0	223.0	6.36903361346	0.978741116219
CS.248	218.0	218.0	6.47083751128	0.982408204337
CS.249	148.0	148.0	5.57066826021	0.962443490262
CS.251	194.0	194.0	5.61121320991	0.943203441456
CS.259	173.0	173.0	5.5706419303	0.955728480006
CS.260	141.0	141.0	5.54447852674	0.956471307407
CS.269	83.0	83.0	4.82213554891	0.937467439591
CS.274	81.0	81.0	5.27727660625	0.955236848318
CS.275	145.0	145.0	5.72726572685	0.965627906971
CS.282	132.0	132.0	5.22140354809	0.947740452146
CS.283	107.0	107.0	5.42600733717	0.957816664473
CS.284	180.0	180.0	5.77633948784	0.967700577053
CS.285	126.0	126.0	5.34633656099	0.961805637471
CS.286	171.0	171.0	5.63635232113	0.963709863155
CS.290	121.0	121.0	5.19537049925	0.934482899056
CS.292	220.0	220.0	5.85651505604	0.961693976864
CS.293	191.0	191.0	5.62002164203	0.954612067753
CS.294	31.0	31.0	3.37366149401	0.825720196762
CS.295	149.0	149.0	5.38179161758	0.945910337512
CS.296	114.0	114.0	5.68650189555	0.965967209718
CS.297	157.0	157.0	5.39804742428	0.949683913385
CS.298	208.0	208.0	6.2392394119	0.976375670295
CS.300	172.0	172.0	5.95217796338	0.972548162048
CS.301	173.0	173.0	6.05767689905	0.972682268202
CS.302	82.0	82.0	4.88416105572	0.942551051191
CS.305	210.0	210.0	5.87972147826	0.954676807206
CS.308.0	125.0	125.0	4.79758175452	0.925376013586
CS.311	155.0	155.0	5.67553468712	0.963371980252
CS.312	187.0	187.0	6.07273765338	0.973598913393
CS.318	129.0	129.0	5.59384429149	0.960552245406
CS.319	132.0	132.0	5.24575221348	0.942340675681
CS.321	95.0	95.0	5.12678997557	0.948798625137
CS.322	119.0	119.0	5.54919145786	0.964375073267
CS.325	67.0	67.0	4.63658912553	0.9343154271
CS.328	46.0	46.0	4.20527703827	0.913139447058
CS.332	164.0	164.0	5.74449201459	0.963977593461
CS.333	127.0	127.0	5.81508449656	0.96946079216
CS.334	125.0	125.0	5.64970815074	0.964908110594
CS.335	81.0	81.0	4.70942819568	0.936608549536
CS.339	74.0	74.0	5.06818199101	0.951153518141
CS.341	108.0	108.0	5.08315289013	0.941253927375
CS.343	121.0	121.0	5.5257835637	0.962030617449
CS.345.0	110.0	110.0	4.50776235341	0.915242591266
CS.346	136.0	136.0	4.87737495568	0.936441925158
CS.347.0	134.0	134.0	5.47586959158	0.956935677177
CS.350	138.0	138.0	5.75622817602	0.966296938965
CS.351	169.0	169.0	6.01491330239	0.972217888353
CS.356	80.0	80.0	5.18256481017	0.961964884794
CS.357	142.0	142.0	5.25650167526	0.945401910103
CS.358	70.0	70.0	4.32078746182	0.903116568285
CS.360	67.0	67.0	5.24216644083	0.957576652851
CS.362	119.0	119.0	5.19797840303	0.936978763091
CS.365	167.0	167.0	5.71290271026	0.954328392162
CS.366	81.0	81.0	4.78910386482	0.930472757248
CS.379	93.0	93.0	5.03922509594	0.949502064913
CS.380	201.0	201.0	6.24449554712	0.976069459361
CS.382	156.0	156.0	6.13759194744	0.977194267996
CS.388	108.0	108.0	5.16007719478	0.953525032348
IMP000.L.T02	200.0	200.0	6.22062998123	0.976900821377
IMP000.L.T03	156.0	156.0	5.90262127377	0.971102557727
IMP000.L.T04	162.0	162.0	5.95082106397	0.974286703572
L.001.M1	198.0	198.0	6.02759229701	0.970626752555
L.002.M1	110.0	110.0	5.13013290619	0.954391729783
L.003.M1	120.0	120.0	5.50135013459	0.964239592545
L.004.M1	163.0	163.0	6.11851458261	0.971361478379
L.004.M2	136.0	136.0	5.37639347729	0.938265764898
L.004.M3	109.0	109.0	5.88581053827	0.969717294062
L.004.M4	243.0	243.0	6.23865512606	0.964737879518
L.004.M5	206.0	206.0	5.85466039201	0.961420826534
L.004.M6	229.0	229.0	6.07811221249	0.962220929938
L.005.M1	187.0	187.0	5.8404013785	0.955704716372
L.005.M2	231.0	231.0	6.03480397965	0.957605460539
L.005.M3	221.0	221.0	5.96102390265	0.951618377278
L.005.M4	230.0	230.0	6.06443768505	0.957728953756
L.005.M5	164.0	164.0	5.48151940307	0.942157480034
L.005.M6	174.0	174.0	5.53622378522	0.952021552726
L.006.M1	170.0	170.0	6.50109240595	0.983052610367
L.006.M2	176.0	176.0	5.86290941589	0.964119550593
L.006.M3	204.0	204.0	6.12225523135	0.968654940604
L.006.M4	197.0	197.0	5.77973300878	0.965267702106
L.006.M5	238.0	238.0	6.43791525764	0.975028613326
L.006.M6	285.0	285.0	6.7643759175	0.981267949933
L.007.M1	181.0	181.0	5.84026766361	0.963856704422
L.007.M2	261.0	261.0	6.40910827502	0.972771209231
L.007.M4	239.0	239.0	6.39067250957	0.969602504011
L.007.M5	286.0	286.0	6.62865607433	0.97544125255
L.007.M6	271.0	271.0	6.20337057677	0.961992107524
L.008.M1	109.0	109.0	5.28716276391	0.950805648962
L.008.M2	120.0	120.0	5.20651098285	0.933596911796
L.008.M3	72.0	72.0	4.07617300332	0.883819325942
L.008.M4	146.0	146.0	5.97765771256	0.973058966337
L.008.M5	161.0	161.0	6.15963020221	0.97305712678
L.008.M6	134.0	134.0	5.79851557095	0.967591981167
L.011.M1	174.0	174.0	5.76336727728	0.964963568357
L.012.M1	157.0	157.0	6.0353714881	0.973695859447
L.012.M2	180.0	180.0	6.38828088365	0.98011702688
L.012.M3	224.0	224.0	6.37762313334	0.975958320545
L.012.M4	174.0	174.0	5.89491020187	0.965427469772
L.012.M5	184.0	184.0	6.1180485812	0.972819399553
L.012.M6	177.0	177.0	6.35439202564	0.977484534916
L.022.M1	292.0	292.0	6.78798392639	0.981857921749
L.024.M1	200.0	200.0	5.34954099456	0.938561527957
L.025.M1	104.0	104.0	5.46497962377	0.96207768227
L.025.M2	138.0	138.0	5.76270363977	0.966599174705
IMP000.L.T05	174.0	174.0	5.98152140978	0.972595603906
IMP000.L.T06	217.0	217.0	6.19749355795	0.975909216058
IMP000.L.T09	145.0	145.0	5.77633994468	0.964656517333
IMP000.L.T10	174.0	174.0	5.97032515022	0.969598352076
IMP000.L.T17	171.0	171.0	5.85916940032	0.968700121439
IMP000.L.T18	172.0	172.0	6.07802642101	0.974656934543
IMP000.L.T19	169.0	169.0	5.80093373575	0.966603006255
IMP000.L.T20	171.0	171.0	6.0035056693	0.972785065068
IMP000.L.T26	342.0	342.0	6.03428183016	0.971028809707
IMP000.L.T27	99.0	99.0	5.35935076272	0.954792109902
IMP000.L.T28	144.0	144.0	6.03411639611	0.975419703606
IMP000.L.T29	163.0	163.0	5.98695828102	0.972706434265
IMP000.L.T30	82.0	82.0	5.19621549645	0.950426808381
IMP000.L.T36	142.0	142.0	6.01680877806	0.973261297237
IMP000.L.T37	106.0	106.0	5.7172349614	0.968487724703
IMP000.L.T38	109.0	109.0	5.58218098741	0.963599315435
IMP000.L.T39	134.0	134.0	5.90854567913	0.973480015507
IMP000.L.T40	121.0	121.0	5.82012875777	0.969989238497
L.025.M3	134.0	134.0	5.76823862321	0.962009299089
L.025.M4	127.0	127.0	5.6304347949	0.962308378545
L.025.M5	162.0	162.0	6.10343232967	0.975241752581
L.025.M6	150.0	150.0	5.68338801784	0.964988133465
T.CS.003	195.0	195.0	5.84773063839	0.962610702419
T.CS.004	126.0	126.0	5.71209412441	0.968671691075
T.CS.007	105.0	105.0	5.07783711264	0.943768485886
T.CS.008	115.0	115.0	4.92283013111	0.905593818018
T.CS.009	197.0	197.0	5.48665321306	0.934860301512
T.CS.013	159.0	159.0	5.27028947442	0.941101973979
T.CS.014	192.0	192.0	5.95481402411	0.966480316036
T.CS.018	171.0	171.0	6.01444217326	0.968984562445
T.CS.020	220.0	220.0	6.61489812682	0.984079899681
T.CS.023	84.0	84.0	4.98701534862	0.948888725744
T.CS.030	104.0	104.0	5.5179357152	0.965093117533
T.CS.042	228.0	228.0	6.22424526661	0.968978517363
T.CS.043	160.0	160.0	5.75791980886	0.963315158988
T.CS.045	134.0	134.0	4.94694451796	0.896706271711
T.CS.047	175.0	175.0	6.06687967104	0.973788624469
T.CS.049	130.0	130.0	5.51154992019	0.962125069954
T.CS.051	167.0	167.0	5.76082473466	0.963897212298
T.CS.061	152.0	152.0	5.80994830722	0.968594743764
T.CS.065	108.0	108.0	5.58547503695	0.959836626262
T.CS.067	136.0	136.0	5.0096336593	0.935715606404
T.CS.069	201.0	201.0	6.10751765855	0.969611635495
T.CS.070	161.0	161.0	5.79927007579	0.95692047857
T.CS.071	195.0	195.0	5.70977618129	0.954645979402
T.CS.073	191.0	191.0	5.86132149477	0.960852758142
T.CS.081	139.0	139.0	5.51131295437	0.955971428384
T.CS.084	138.0	138.0	5.57498723912	0.950077351952
T.CS.087	90.0	90.0	4.9672950087	0.944030585411
T.CS.088	128.0	128.0	5.57927594539	0.958888049035
T.CS.089	157.0	157.0	5.56230732979	0.945537338968
T.CS.090	93.0	93.0	4.70882677762	0.919136112497
T.CS.092	267.0	267.0	6.28376699536	0.948344928429
T.CS.093	207.0	207.0	5.61024346831	0.936892844802
T.CS.094	126.0	126.0	5.08089064562	0.938980493583
T.CS.095	198.0	198.0	6.11261829096	0.968903726423
T.CS.096	106.0	106.0	5.73873898011	0.965350108939
T.CS.097	179.0	179.0	5.54711082866	0.94915759388
T.CS.098	204.0	204.0	6.09341376632	0.97212462569
T.CS.099	144.0	144.0	5.52196886843	0.950335516942
T.CS.100	230.0	230.0	6.68924790102	0.981510305066
T.CS.133	233.0	233.0	6.50036986154	0.979845876491
T.CS.134	150.0	150.0	5.30989820437	0.948403744104
T.CS.135	140.0	140.0	5.519755506	0.964682224468
T.CS.136	143.0	143.0	5.15474458098	0.940032529986
T.CS.137	276.0	276.0	6.75895078977	0.983385455322
T.CS.138	217.0	217.0	6.03772312355	0.966829144387
T.CS.139	263.0	263.0	6.39513529756	0.974806307318
T.CS.140	184.0	184.0	5.74058560722	0.958066882986
T.CS.141	121.0	121.0	5.31311743463	0.953381565486
T.CS.142	133.0	133.0	5.4344929907	0.960336638026
T.CS.143	159.0	159.0	5.48532467127	0.941109277837
T.CS.144	201.0	201.0	5.90306057335	0.958693818875
T.CS.145	319.0	319.0	5.66549982234	0.9614239059
T.CS.146	166.0	166.0	6.02576402455	0.972146560775
T.CS.147	125.0	125.0	6.09171156103	0.975997951817
T.CS.148	177.0	177.0	5.48501388879	0.940996141852
T.CS.149	147.0	147.0	4.56669838467	0.855963815206
T.CS.150	168.0	168.0	5.81938529363	0.955671352462
T.CS.151	148.0	148.0	5.35435343086	0.950222267164
