	PD_whole_tree	chao1	observed_otus	shannon	simpson
T.CS.122	41.655067	173.769230769	128.0	4.94217556495	0.933396192405
CS.301	40.603897	160.230769231	139.0	5.48351046757	0.957115297235
CS.260	40.078532	163.0	132.0	5.14753320789	0.946237445837
CS.137	32.607129	185.333333333	123.0	5.17683408786	0.951392735458
CS.388	30.075784	114.0	105.0	4.86904982013	0.943183751549
L.008.M5	35.209184	147.375	126.0	5.66850218039	0.965269456918
CS.140	36.26803	164.1	129.0	5.44725523307	0.957487286405
CS.215	33.547546	137.9375	116.0	5.02894552498	0.947465780357
CS.262	36.672963	139.375	114.0	5.03223522942	0.945709894814
L.012.M6	36.935235	131.153846154	118.0	5.67609676331	0.971741736211
TFS.026	34.690467	165.909090909	129.0	5.10084508064	0.925862165703
T.CS.158	46.950009	185.588235294	142.0	4.94904859726	0.925406354369
T.CS.004	36.20731	141.5	122.0	5.05723928051	0.94038439334
CS.272	30.720129	134.0	104.0	4.73854647808	0.92043879619
CS.151	37.908306	139.6	126.0	5.52513356631	0.957818044133
T.CS.125	35.955677	171.5	129.0	4.8198299468	0.921198028654
CS.322	32.137266	200.666666667	118.0	5.20527503286	0.952332147816
CS.193	33.877389	139.117647059	120.0	5.45571747538	0.964762748162
T.CS.110	42.132402	204.5	140.0	5.33739106186	0.955973956529
CS.110	35.509316	161.526315789	132.0	4.96489743593	0.93194342593
CS.051	31.596778	150.363636364	116.0	5.35711839894	0.95950113277
CS.152	49.989187	195.75	157.0	5.77999841731	0.965776014643
T.CS.039	38.503889	170.166666667	139.0	4.91995547312	0.929107216175
CS.287	41.501929	191.666666667	133.0	5.49468666275	0.960406110077
T.CS.020	60.191506	235.0	165.0	5.44811922089	0.957983422997
T.CS.131	46.082007	157.071428571	126.0	4.93899814311	0.928643551232
CS.101	38.746287	129.4	114.0	4.94926302882	0.916101641094
CS.175	30.188252	132.153846154	94.0	4.19589828539	0.912801766397
IMP000.L.T02	39.713414	214.333333333	146.0	5.46620500269	0.953729939034
T.CS.126	45.9876	184.333333333	141.0	4.89870547654	0.926622606415
CS.300	35.615349	162.909090909	126.0	5.34008341298	0.957398178159
CS.120	43.270801	189.75	143.0	5.24644932796	0.942959923717
T.CS.139	41.533548	205.5	144.0	5.16183658228	0.932775606331
L.032.M5	28.243597	167.428571429	101.0	4.54091633553	0.905762063916
CS.235	41.351069	162.4	139.0	5.52131904972	0.950031644755
CS.375	31.885499	143.25	114.0	4.93435012248	0.941712559301
T.CS.012	35.017435	149.066666667	116.0	5.10756252483	0.946772095315
T.CS.107	40.312073	118.052631579	107.0	4.62883746728	0.917671758599
CS.356	31.710056	163.666666667	96.0	4.56898317749	0.913446215358
T.CS.169	41.224836	140.9375	119.0	4.85400495054	0.933485904775
CS.145	40.720554	165.428571429	130.0	5.08756823876	0.927328978055
L.035.M0	35.143523	160.333333333	119.0	4.66240134454	0.915047445233
L.005.M2	34.728406	134.4	119.0	4.90496828092	0.925527330141
T.CS.150	43.814691	157.333333333	128.0	4.82613180781	0.919071815281
T.CS.071	36.192359	152.9375	131.0	4.86799480943	0.913926644732
TFSCS022	49.516666	186.055555556	147.0	5.47040456728	0.953528916872
T.CS.003	44.37202	182.235294118	134.0	4.96279026705	0.936195248552
CS.214	35.336906	143.105263158	126.0	4.88052673131	0.9304606043
CS.065	31.323503	144.625	113.0	5.05430128994	0.94191947167
CS.368	47.946193	209.166666667	159.0	5.40802791231	0.947562893242
T.CS.051	36.070946	133.789473684	118.0	4.72125385532	0.918917763736
L.001.M0	35.134954	136.214285714	113.0	4.51622822688	0.890191077531
T.CS.121	38.666715	178.769230769	143.0	5.50605616647	0.950891463815
TFSCS020	45.581918	203.6	137.0	5.3057995346	0.956180415805
TFSCS023	42.339878	161.1875	124.0	5.12083779202	0.947602765406
CS.212	33.528754	153.75	115.0	5.06901481803	0.943329345362
T.CS.093	39.310127	174.769230769	129.0	4.77595082106	0.907826505641
CS.303	32.951046	180.666666667	122.0	4.98172763232	0.935477247531
T.CS.120	36.409236	209.1	135.0	5.01773121363	0.930033790904
T.CS.152	39.805596	131.714285714	112.0	4.95553263665	0.936301876386
L.033.M6	34.231815	167.090909091	113.0	4.76495176233	0.92588451828
T.CS.117	35.21009	164.5	109.0	4.53160329987	0.923201906977
L.005.M3	38.152706	147.2	122.0	4.88852325809	0.923768877072
L.032.M2	34.867149	184.111111111	118.0	4.87841201202	0.933625306319
CS.123	33.707226	140.066666667	113.0	4.28115223645	0.861451251635
L.004.M6	40.380788	152.0	132.0	4.98018271999	0.929346600192
T.CS.151	30.789272	115.0	98.0	4.57028137726	0.909995158704
CS.062	37.386963	140.666666667	119.0	4.66095159785	0.894149749126
T.CS.073	35.212832	173.615384615	133.0	4.89924316118	0.915608827184
CS.263	39.284441	157.090909091	112.0	4.69917506262	0.928306601237
T.CS.056	36.429058	143.066666667	116.0	4.32560216588	0.872979442199
CS.297	33.694605	125.0	110.0	4.590748427	0.901655230983
L.035.M1	33.511708	127.5	117.0	5.25641450578	0.954453528199
T.CS.140	31.704641	142.363636364	108.0	4.57302751575	0.908167080378
CS.241	39.514695	153.909090909	117.0	4.82272220924	0.92933315844
CS.217	44.166213	167.8	143.0	5.24326708748	0.935308697018
CS.074	39.300079	166.375	112.0	4.59881647535	0.885280004918
CS.393	36.031862	143.5	112.0	4.94564925832	0.934458543937
T.CS.167	30.753346	113.647058824	96.0	4.45056263042	0.918978931261
L.033.M0	33.671522	160.25	113.0	5.16105042584	0.946181262333
T.CS.013	33.877648	165.0	121.0	4.52112702286	0.903102711375
T.CS.141	30.026856	113.4	98.0	4.48675647002	0.91762463695
CS.357	32.911848	148.0	109.0	4.5433094072	0.908433649962
CS.005	47.11492	174.8	150.0	5.50874967875	0.950845399383
T.CS.070	38.867126	179.625	138.0	5.08728582649	0.920694642578
T.CS.097	36.791612	144.0	115.0	4.58820515657	0.908657024701
T.CS.130	44.145611	155.75	134.0	5.14963684939	0.941293599513
CS.085	50.779159	236.038461538	187.0	5.91131010245	0.969373873356
CS.246	47.37535	177.714285714	140.0	5.09173522458	0.935437375366
CS.033	48.415167	228.833333333	150.0	5.31139401437	0.952400262764
T.CS.035	39.264796	168.0	135.0	4.82844045054	0.901154261402
T.CS.025	37.426367	145.954545455	130.0	5.20866286088	0.954499743663
T.CS.021	40.735766	209.3	162.0	5.37393858442	0.946142900478
T.CS.144	35.610369	161.333333333	120.0	4.8257510112	0.93225349242
T.CS.065	38.591411	155.0	113.0	4.6478474588	0.916391469441
T.CS.092	36.402087	141.866666667	125.0	4.99134538668	0.909643709739
T.CS.156	33.207059	132.875	104.0	4.64933019516	0.917689127155
T.CS.042	40.945375	144.157894737	132.0	5.12308176719	0.920162258565
CS.173	36.531568	137.0	107.0	4.63018352001	0.899677178948
CS.304	37.049564	150.0	121.0	5.05727452332	0.948181969007
CS.159	44.376754	164.0	129.0	4.92111903055	0.930383427497
T.CS.162	36.714501	156.1875	119.0	4.6570530152	0.922009366787
CS.351	34.316051	145.476190476	130.0	5.27193627549	0.947252071597
L.005.M4	36.127869	114.0	107.0	4.94957019409	0.92818804196
CS.259	33.100499	119.833333333	107.0	4.51667188163	0.900656161409
T.CS.090	30.630928	133.909090909	102.0	4.08495949576	0.860711049068
T.CS.180	43.470729	153.3125	133.0	5.43479870356	0.959659111118
T.CS.106	42.415511	149.428571429	110.0	4.96114191323	0.93948228562
CS.233	43.084843	202.166666667	152.0	5.23908234059	0.951058806081
CS.098	37.637619	115.571428571	110.0	5.29178015162	0.953859674599
T.CS.027	40.9337	198.166666667	157.0	5.28512659762	0.939708529947
CS.031	38.05479	117.789473684	102.0	4.59026328075	0.928411718761
CS.086	37.918339	146.0	126.0	5.05108713915	0.927802308976
T.CS.005	38.445187	173.315789474	142.0	5.0199503297	0.928922505352
L.006.M3	43.293808	179.615384615	139.0	5.03529062073	0.935524520211
CS.104	34.703183	155.428571429	120.0	4.84364460894	0.927225068778
L.034.M3	35.615108	132.5	116.0	5.21805975664	0.949148113839
T.CS.047	39.860848	179.0	137.0	5.3698995708	0.950465254543
TFS.028	37.464824	107.6	94.0	5.14669945254	0.955582635401
T.CS.138	45.241188	151.526315789	122.0	4.82930324253	0.931544402224
L.031.M2	47.953128	183.588235294	140.0	5.20106101687	0.943308201032
CS.198	33.665619	160.153846154	122.0	4.82827741672	0.928170975466
CS.311	34.396317	150.176470588	121.0	4.73080142132	0.904859503104
CS.093	36.064197	181.571428571	134.0	5.0463106494	0.927237604344
T.CS.028	38.466714	153.894736842	134.0	5.15271266779	0.943737581954
CS.343	27.778826	99.75	91.0	5.02800776215	0.948809653534
L.007.M6	45.703495	151.5	119.0	4.94731079679	0.929242539884
CS.022	31.76699	129.75	111.0	4.93937951417	0.949070634974
L.007.M4	45.932739	137.571428571	124.0	5.32765687613	0.9519233071
T.CS.084	31.513305	164.166666667	110.0	4.90030263493	0.917698340042
T.CS.109	44.037188	173.565217391	152.0	5.4149769842	0.953348132854
CS.293	36.039221	132.090909091	107.0	4.64473976951	0.918426158073
L.008.M1	30.338422	154.0	110.0	4.69404822926	0.925311355917
T.CS.099	43.468943	171.0	136.0	4.76651152289	0.91104361539
T.CS.096	42.149404	163.0	124.0	4.98189039094	0.928550063089
L.005.M5	34.246278	124.153846154	108.0	4.68453007287	0.92100652144
T.CS.023	33.028126	142.714285714	105.0	4.89937896568	0.944818812352
TFS.029	38.242167	159.526315789	130.0	5.17874200231	0.945240641727
T.CS.166	46.96012	192.833333333	145.0	5.1613080451	0.944357563904
CS.148	28.866444	163.333333333	101.0	4.52734923705	0.927705649183
CS.391	42.896318	209.583333333	151.0	5.61656243528	0.964409486826
IMP000.L.T20	34.725821	170.666666667	131.0	5.4019062268	0.954755741082
CS.280	34.985699	173.076923077	119.0	4.65578801447	0.91940121373
CS.149	36.093932	148.5	129.0	5.45229421729	0.963947181163
T.CS.038	50.805254	205.571428571	158.0	5.61358377814	0.961008421409
CS.118	36.410613	139.473684211	121.0	4.70339391022	0.909249216961
CS.307	34.817806	158.333333333	117.0	4.75950049859	0.923947395626
CS.186	50.98506	178.272727273	136.0	5.50601173663	0.961809942532
CS.320	34.350284	139.117647059	120.0	5.23736828692	0.952588145235
CS.370	31.319871	180.142857143	118.0	5.35764755683	0.957692990526
CS.188	33.858083	156.25	120.0	4.96868715198	0.936903130501
CS.253	27.41091	135.6	86.0	4.43254070781	0.925521741997
L.032.M3	31.549837	128.272727273	101.0	4.39796009219	0.906256086074
CS.387	39.130574	179.142857143	142.0	5.40857186477	0.962516465203
T.CS.081	36.725967	133.833333333	121.0	4.85989613377	0.927971765675
T.CS.170	36.215279	146.625	123.0	5.028461127	0.945206055645
CS.165	32.679314	164.769230769	119.0	5.14197514509	0.95165416999
L.004.M1	44.20419	143.125	130.0	5.21838136354	0.938492579964
CS.077	34.944194	198.333333333	130.0	4.76368048498	0.918902660644
L.035.M6	31.483921	148.545454545	109.0	4.51534854543	0.896617292392
L.032.M4	43.499823	141.555555556	114.0	3.39591953545	0.809837641
T.CS.018	35.034438	158.142857143	122.0	5.16480891707	0.943353812372
L.033.M5	32.961768	118.882352941	104.0	4.7799668743	0.934640838264
CS.350	37.077222	139.157894737	127.0	5.17364643551	0.93966171036
T.CS.148	39.57103	151.066666667	124.0	4.74875960042	0.919101719404
CS.276	35.408183	183.866666667	137.0	5.53945699272	0.963491067767
CS.314	44.654815	207.166666667	157.0	5.40006981419	0.951728326175
T.CS.155	39.968795	150.0	121.0	4.66123405959	0.912539274648
T.CS.136	32.053503	133.055555556	115.0	4.31359946991	0.87289320354
CS.239	41.070269	174.55	157.0	5.59296231692	0.954311257067
CS.245	29.334935	129.5	98.0	4.30486654958	0.898223506287
T.CS.154	35.510319	137.0	112.0	5.07149782075	0.946351474186
L.031.M4	50.620072	222.076923077	159.0	5.57091947199	0.95350747048
CS.321	31.392861	116.272727273	99.0	4.4140414716	0.892348252244
L.025.M2	35.365056	145.428571429	124.0	5.12720200298	0.938205168112
CS.095	40.295223	191.0	149.0	5.35215559657	0.948126238595
CS.171	44.911204	208.476190476	157.0	4.67549751966	0.867116874753
T.CS.112	33.299184	152.5	115.0	4.80126649738	0.930563607392
CS.382	32.904681	136.0	122.0	5.50784314709	0.960832319349
CS.164	31.698059	157.272727273	120.0	4.32573365188	0.914736623587
L.002.M6.0	40.239374	130.0	121.0	5.23879112663	0.952898513788
CS.308.0	29.95726	117.666666667	101.0	4.35961893863	0.909311743765
L.006.M1	35.919175	163.214285714	130.0	5.54814276722	0.963768813639
CS.365	33.415446	135.65	123.0	4.71352553655	0.897648380522
CS.053	44.480543	190.956521739	162.0	5.69205692481	0.962322994587
CS.270	31.731122	133.4	115.0	5.04668939834	0.945671986051
T.CS.177	46.514032	146.0	128.0	4.80005977557	0.921093968346
T.CS.124	49.455464	196.214285714	146.0	5.31749598421	0.945168902038
L.001.M1	43.710731	157.083333333	136.0	5.23766525359	0.936994202149
T.CS.157	36.019935	170.8	118.0	4.75356738659	0.918502428691
CS.025	36.149694	194.090909091	140.0	5.18739741474	0.934148930539
L.022.M1	47.261246	159.894736842	140.0	5.48133898608	0.956299881267
CS.117	37.873	187.928571429	135.0	4.71650005318	0.901753854177
CS.056	34.475371	144.4	129.0	5.5575851535	0.961571162638
L.012.M5	34.710439	163.0	113.0	5.06421741589	0.949261236002
CS.083	49.198259	207.888888889	179.0	5.94609578335	0.97218380373
CS.278	31.297091	134.083333333	113.0	5.02562728288	0.945424446364
CS.002	40.285614	212.363636364	145.0	5.55067064277	0.960100574514
CS.284	35.228218	158.375	133.0	5.38435871135	0.959440720399
CS.097	38.78802	206.769230769	134.0	5.18501054839	0.94656910975
CS.390	30.27558	158.5	115.0	5.06611707054	0.949875327747
CS.004	34.459825	178.0	124.0	5.46066373366	0.959267185866
CS.336	38.383785	174.090909091	129.0	5.41683003931	0.956731829715
T.CS.011	34.946193	132.4	114.0	5.30594984825	0.958217067839
CS.363	33.355117	177.8	125.0	5.45147970203	0.964022998687
L.036.M1	35.663828	159.909090909	128.0	5.14031865121	0.933666386731
TFSCS026	33.882044	154.909090909	123.0	5.02789388722	0.930325280591
T.CS.108	40.325303	153.0	114.0	5.24642237503	0.955671743647
T.CS.095	40.936142	146.214285714	123.0	4.9912709472	0.931913219744
CS.126	35.318527	194.363636364	127.0	5.12045909943	0.941740802084
CS.305	40.779017	159.214285714	126.0	4.77355406368	0.909751847882
CS.500	36.631557	134.714285714	118.0	4.7274817294	0.926324169305
T.CS.041	39.702815	163.066666667	130.0	5.07520660815	0.938136902134
CS.386	28.554716	129.25	93.0	4.36922412892	0.908921328821
T.CS.105	45.081799	164.2	139.0	5.59250626864	0.965454318771
CS.150	47.919077	202.625	165.0	5.5458468904	0.960790936876
CS.228	35.400937	143.157894737	131.0	5.13507345972	0.940383940247
CS.143	39.452198	158.083333333	131.0	5.44744824125	0.957147919915
T.CS.179	44.969992	191.555555556	146.0	5.20492203768	0.938607514498
T.CS.036	44.320469	211.894736842	155.0	5.28275111433	0.946503109236
CS.119	34.92851	149.5	118.0	5.22439018482	0.950620363303
L.034.M0	38.173545	169.0	130.0	5.33809929857	0.942935003615
L.002.M1	29.554826	132.363636364	98.0	4.72374560486	0.943241596394
T.CS.127	37.485094	193.571428571	135.0	5.05111796895	0.937657983068
L.035.M5.1	31.326585	117.111111111	96.0	4.78044159687	0.921323233291
CS.328	22.541475	117.75	75.0	4.32895196729	0.916331057071
CS.161	35.681414	160.0625	131.0	5.25146998316	0.95547162767
CS.127	37.657361	158.428571429	123.0	5.3479239489	0.959502341017
IMP000.L.T09	35.312699	162.375	123.0	5.08677065389	0.937227393899
CS.346	37.704777	197.769230769	125.0	4.69983603974	0.927624998669
CS.111	40.095927	186.176470588	147.0	5.23581611776	0.950876058661
TFS.020	45.781619	193.5	138.0	5.54234345334	0.964895806407
CS.063	35.855811	138.153846154	125.0	5.44216923732	0.955171680252
T.CS.075	41.468129	173.75	152.0	5.11239274079	0.91664248284
CS.029	36.482037	152.25	133.0	5.60568007488	0.965178687331
T.CS.160	44.474896	217.769230769	145.0	5.23827639534	0.951146555049
T.CS.044	36.278379	154.909090909	123.0	4.9882368611	0.936322869684
T.CS.086	44.160075	190.0	149.0	5.05227724762	0.930135585748
T.CS.153	45.75742	175.588235294	150.0	5.57367327738	0.959995910083
CS.064	41.551161	167.833333333	142.0	5.50757837882	0.963260896636
CS.231	38.970309	168.913043478	150.0	5.92493725029	0.974128024838
T.CS.072	42.133254	189.8	137.0	5.40785707517	0.954461381808
TFSCS029	32.548313	132.076923077	103.0	4.74633813228	0.93968451603
L.024.M6	35.272223	151.071428571	111.0	4.41861393482	0.906207001023
L.008.M6	35.602977	142.647058824	125.0	5.25614683233	0.943024413923
T.CS.111	30.715479	131.875	103.0	4.6279442384	0.92438674459
T.CS.129	41.308524	145.090909091	120.0	5.14078074076	0.950008990116
T.CS.118	38.918989	191.1	135.0	5.44348172113	0.956858544661
L.036.M2	30.708745	138.083333333	111.0	5.00079370565	0.941510177861
CS.202	35.704051	182.2	122.0	4.41662915033	0.901708544899
L.036.M6	30.294816	133.0	112.0	4.99051286614	0.935344340316
L.005.M6	33.952106	150.111111111	114.0	4.57733758506	0.910329994266
T.CS.022	37.667758	157.368421053	136.0	5.16142221571	0.933807902708
T.CS.074	38.942471	166.4	129.0	4.89319375528	0.924300807993
T.CS.094	37.671758	121.111111111	100.0	4.36925572709	0.896054400131
TFS.022	45.790538	184.375	145.0	5.36399149404	0.952737665852
T.CS.048	32.657076	139.0	116.0	5.31142399097	0.955056745717
CS.113	32.143644	120.3125	100.0	4.46270977311	0.900654500068
CS.261	44.676747	215.25	132.0	5.09697294024	0.934528320224
CS.169	38.578976	185.3	152.0	4.91475189352	0.889801417742
L.035.M5	30.66414	169.666666667	102.0	4.8628657907	0.935290573307
L.033.M3	35.161941	144.0625	115.0	4.70579569582	0.907856258733
T.CS.147	43.844298	163.0	130.0	5.21643798854	0.942923223202
L.004.M4	48.117893	145.25	128.0	4.96870439389	0.920588467837
T.CS.080	33.368248	145.071428571	114.0	4.84120970749	0.931298674908
CS.187	34.833373	127.0	112.0	5.14345756172	0.949577645792
CS.163	32.990264	156.071428571	116.0	4.89440410987	0.94382986185
CS.153	41.518274	189.2	164.0	5.41675796501	0.939515512424
L.033.M4	39.813956	203.714285714	133.0	4.7768541412	0.910718294776
IMP000.L.T10	33.977326	149.235294118	127.0	5.21173385987	0.943838470613
L.031.M5	43.225009	151.0	122.0	5.24723546255	0.949681857131
IMP000.L.T36	37.48003	170.714285714	144.0	5.40377627777	0.954296153975
CS.094	28.368543	136.5	89.0	4.1373543957	0.881264243632
CS.023	42.212611	186.5	144.0	5.10485665612	0.92380119769
IMP000.L.T18	36.663635	189.866666667	143.0	5.4718682995	0.956004464776
L.032.M6	36.336739	160.066666667	127.0	5.2306952099	0.953893052434
CS.015	29.709891	109.0	90.0	4.14885497601	0.888159409517
CS.087	34.084785	133.076923077	110.0	4.42990482642	0.890090037842
IMP000.L.T05	37.346113	163.526315789	134.0	5.33181629626	0.951308913294
IMP000.L.T04	33.470247	136.714285714	117.0	5.33208786575	0.955572516329
T.CS.058	37.078132	154.9375	133.0	4.96892676549	0.926253033739
CS.204	34.250505	155.058823529	124.0	4.94962951936	0.944831801011
CS.130	44.847573	156.368421053	135.0	5.26188315152	0.945303621623
L.008.M4	34.581521	149.083333333	128.0	5.57422047097	0.962455448709
CS.075	38.93605	152.083333333	125.0	5.21709078931	0.940745055191
CS.232	47.081505	191.37037037	173.0	5.86201390144	0.966137280617
T.CS.067	34.012714	158.090909091	113.0	4.18055235038	0.868925319058
CS.178	38.874018	201.6	135.0	5.3686005319	0.955264262209
CS.374	32.491677	142.5	111.0	5.22914193764	0.954591570466
L.008.M3	24.185083	106.428571429	85.0	3.86435693964	0.870053671105
L.007.M1	34.229189	121.928571429	111.0	4.72684828091	0.914642531321
T.CS.091	44.919811	153.076923077	124.0	5.14578127201	0.944357412873
IMP000.L.T29	36.520151	194.714285714	139.0	5.38756808122	0.95712088538
L.034.M2	37.686316	170.428571429	135.0	5.37947570046	0.95044682877
IMP000.L.T06	37.834408	171.058823529	140.0	5.57158224772	0.959696113695
CS.194	29.89451	108.0	87.0	4.56696478725	0.930768405327
T.CS.089	42.69006	196.5	141.0	5.22934103153	0.940321715506
CS.240	41.206305	174.5	122.0	4.85719457766	0.928259177526
T.CS.161	46.664635	163.260869565	148.0	5.61069927476	0.95876697144
T.CS.078	41.127967	195.6	129.0	4.89963809294	0.896922525893
CS.330	32.181732	166.875	123.0	5.30921687525	0.952659733894
T.CS.009	43.137098	207.6	141.0	5.05474869385	0.929312920295
CS.088	27.167106	98.1111111111	77.0	4.35018848519	0.902301341283
IMP000.L.T26	36.289926	186.4	142.0	5.25144867463	0.9505724865
CS.385	37.859006	148.0	123.0	5.32926841027	0.955390373032
CS.061	25.947395	86.0	71.0	4.00032547987	0.874538987539
CS.376	33.545728	131.142857143	118.0	5.11162646909	0.94672406748
CS.362	30.829911	153.333333333	105.0	4.92089346282	0.933305271787
CS.176	36.915162	197.0	145.0	5.3472990317	0.94954139837
CS.007	40.626228	164.666666667	125.0	4.62150389487	0.890872982161
CS.378	32.687789	136.428571429	112.0	5.38350868419	0.961534764185
CS.360	34.91606	158.1875	131.0	5.5378149016	0.965089579085
L.034.M1	38.862049	185.375	131.0	5.55084931644	0.96235123737
CS.267	31.679318	137.714285714	100.0	4.80175774068	0.943966091745
CS.220	32.718346	153.625	113.0	4.58885897665	0.903365052093
T.CS.115	49.113885	164.368421053	143.0	5.58577339784	0.964737223935
IMP000.L.T27	32.889823	164.615384615	124.0	5.1339536411	0.951658096794
L.007.M2	46.912213	181.1	125.0	5.24028143399	0.952963608117
CS.236	31.136975	143.25	107.0	4.76653084971	0.934699438263
CS.309	43.416343	175.0625	140.0	5.36368005023	0.9544388782
L.006.M4	36.222315	170.0	126.0	4.91939196739	0.940716208284
CS.319	32.445435	148.5	116.0	5.05032433083	0.940603539213
L.024.M5	36.760749	128.666666667	117.0	4.77843556819	0.922837922446
L.035.M2	26.785309	101.111111111	80.0	4.33010387438	0.909159504591
CS.218	47.292516	191.714285714	160.0	5.71981509499	0.963526560034
CS.203	32.049589	145.1	110.0	4.47143452611	0.891210989373
CS.109	50.807551	227.5	163.0	5.47301559568	0.943785609788
CS.135	36.623403	159.066666667	132.0	5.53509726384	0.961736994595
T.CS.040	48.237352	176.652173913	141.0	4.9172800942	0.930839842955
T.CS.008	31.702575	121.0	104.0	4.27904060454	0.859214936717
IMP000.L.T40	35.014788	185.214285714	135.0	5.27481410428	0.948614521578
CS.269	23.517263	79.5	75.0	4.47558695036	0.927314932178
T.CS.143	34.462119	150.368421053	129.0	4.87462809539	0.908252563882
T.CS.061	35.99	148.473684211	130.0	5.31953483874	0.946079467489
CS.282	32.808831	128.071428571	110.0	4.9897827383	0.94541719688
CS.349	40.452408	205.0	135.0	5.40372376384	0.954100568926
CS.156	28.228156	96.5454545455	87.0	4.53399620444	0.926799010536
L.012.M3	35.540851	138.0	121.0	5.15622742966	0.946182621611
CS.285	31.482631	159.0	111.0	5.1180646307	0.956627467345
CS.067	28.279913	105.833333333	90.0	4.72434903618	0.938442739758
CS.079	34.527284	166.5	120.0	5.11569400153	0.944169681433
CS.195	35.507979	161.090909091	116.0	5.10028515928	0.951981756068
CS.160	37.047432	175.166666667	144.0	5.05888500264	0.929411996583
CS.380	36.119029	144.6	117.0	4.96924636969	0.934853791869
T.CS.103	44.633274	196.0	151.0	5.43367143181	0.958809713192
CS.116	31.023579	170.75	124.0	5.29462264168	0.955472231794
CS.174	40.905413	128.571428571	115.0	5.03084374946	0.937616449563
TFSCS025	35.886898	163.0	130.0	5.13189463012	0.950085411764
IMP000.L.T39	33.699382	148.0	121.0	5.30628735669	0.953831129754
T.CS.100	39.412484	161.75	143.0	5.45335781011	0.950273747329
CS.112	37.096731	150.105263158	133.0	5.161841202	0.940371706742
CS.341	32.111155	127.111111111	99.0	4.73902685214	0.92896947597
CS.344	35.768356	169.176470588	140.0	5.60551563974	0.96762070637
L.036.M3	36.100047	158.083333333	131.0	5.23043891399	0.942563467537
T.CS.178	43.181728	185.866666667	139.0	5.27335528179	0.948283914882
L.004.M5	38.011788	123.2	119.0	4.84913602965	0.923273495636
CS.234	31.544767	121.666666667	100.0	4.62572217691	0.927934310005
CS.367	26.868516	101.4375	87.0	4.69140902328	0.93949029026
CS.014	46.711789	189.15	154.0	5.14618613967	0.911840001462
CS.335	24.401993	87.2727272727	79.0	4.43452743839	0.928242564125
T.CS.019	35.949574	138.3	118.0	4.45295188972	0.896391501158
CS.021	36.396097	156.0	129.0	5.38812767291	0.956074543126
CS.288	39.752731	163.0	132.0	5.45117610278	0.961042705429
CS.124	29.848126	162.0	92.0	5.07802608836	0.949018378274
CS.265	46.733971	195.9375	152.0	5.32902202687	0.938078302134
CS.036	40.136377	177.055555556	144.0	5.63178505937	0.965520470316
CS.131	47.12648	231.588235294	168.0	5.81645979263	0.96426162755
L.025.M3	31.985995	131.0	114.0	5.16195256088	0.937698610387
T.CS.168	34.635754	145.0625	116.0	4.47357139892	0.892940746566
CS.275	36.502875	146.428571429	125.0	5.54774824561	0.966579197106
CS.327	36.456947	147.058823529	110.0	4.52427614923	0.92406384047
CS.016	32.681331	147.666666667	116.0	4.97797157915	0.920414178149
CS.377	37.567644	169.157894737	136.0	5.4628397374	0.963725014671
CS.332	36.859041	145.769230769	110.0	4.66655108109	0.928620141439
CS.142	34.197328	127.461538462	108.0	5.27261462481	0.959474400296
CS.264	43.040907	173.047619048	134.0	4.51430425167	0.914950030285
CS.026	39.248444	154.833333333	139.0	5.65585527181	0.959276851845
CS.139	27.805433	106.428571429	87.0	4.71994740879	0.928182000723
T.CS.049	31.914074	135.083333333	108.0	4.9364626168	0.93920167016
T.CS.043	37.577598	161.75	132.0	4.85459314831	0.919545297233
T.CS.088	34.581981	188.909090909	125.0	4.97344065984	0.933791591368
CS.205	32.080004	125.25	108.0	4.88780452231	0.93805141863
CS.103	42.262907	194.176470588	155.0	5.65061777503	0.962316500257
CS.274	35.575981	150.2	115.0	5.04919564918	0.944887833485
T.CS.053	38.112052	163.0	130.0	5.05782654459	0.939533183042
CS.155	38.559404	194.333333333	132.0	5.45808640189	0.956959131258
T.CS.001	29.72076	143.0	104.0	4.76450451244	0.925032552828
TFSCS028	40.456232	146.230769231	115.0	4.9021032187	0.925870623435
T.CS.057	31.497903	168.8	116.0	5.29050072258	0.958130678149
T.CS.087	29.635174	114.1	91.0	4.35162037849	0.902496473239
CS.306	43.366613	198.666666667	159.0	5.92569436216	0.972442972799
CS.318	31.603319	138.055555556	120.0	5.27158144495	0.951974959677
CS.283	31.949617	121.545454545	106.0	5.27647067287	0.958328981755
CS.060	36.008438	156.1875	129.0	5.30920912921	0.960827788422
T.CS.069	46.925946	247.8	168.0	5.35674335466	0.949718859707
L.003.M6	33.088704	148.526315789	119.0	5.0531393467	0.952599623586
CS.238	36.500026	156.647058824	136.0	5.36366182747	0.949338412805
CS.071	35.551137	179.6	130.0	5.31477439556	0.952113001943
CS.168	42.245841	201.352941176	160.0	5.51482421866	0.952294692146
CS.105	42.020389	183.5	141.0	4.82346875967	0.910867513331
T.CS.024	38.607587	211.076923077	148.0	5.20484966137	0.936205971748
T.CS.116	41.593954	159.0	136.0	5.5062061108	0.958591926597
CS.316	36.394748	153.461538462	120.0	4.9609088649	0.933503726424
T.CS.145	35.92091	113.153846154	100.0	4.55913521641	0.905217144336
CS.047	29.112438	142.875	99.0	4.95543487335	0.946487250989
T.CS.133	50.555003	213.235294118	155.0	5.56836017757	0.965008928571
T.CS.137	52.389669	176.789473684	149.0	5.68875501567	0.969143853257
L.034.M5	37.540163	167.352941176	140.0	5.40158159839	0.950821234435
CS.371.1	29.055264	112.0	91.0	4.35107314563	0.890915421851
CS.182	52.112786	218.235294118	160.0	5.61407847741	0.96363998426
CS.027	39.398859	134.315789474	121.0	4.46636496919	0.872326233445
CS.183	33.182197	133.789473684	118.0	4.73588168747	0.909694758192
CS.331	39.597401	161.176470588	132.0	5.28907142498	0.947681754581
CS.313	50.474887	237.571428571	157.0	5.61633068184	0.961358964188
L.012.M4	36.156543	130.0	111.0	4.94238007184	0.936899505759
T.CS.165	30.84825	135.0	112.0	4.7451739974	0.916147554496
CS.050	35.802414	127.4	109.0	5.25785358346	0.953806964806
TFS.024	36.817719	153.0	124.0	5.18991957969	0.945607495846
L.031.M3	48.067454	181.315789474	150.0	5.38275930987	0.952664717915
T.CS.017	46.821076	199.15	164.0	5.41902765448	0.942965964954
L.024.M1	36.202556	160.0	118.0	4.75252831518	0.926735728578
CS.286	31.609766	131.043478261	118.0	5.2666894169	0.956570377655
CS.057	39.601594	159.0	130.0	5.36408212713	0.955889832304
T.CS.014	40.659458	182.375	143.0	5.25643226213	0.948258541686
CS.001	43.054025	146.55	135.0	5.54336614918	0.963628959002
T.CS.104	48.635886	187.0	146.0	4.9823010387	0.937781677396
IMP000.L.T28	33.83631	135.047619048	126.0	5.3869968078	0.955874729211
T.CS.142	36.353459	145.0	114.0	4.61047396326	0.912131189087
CS.244	40.18118	171.0	111.0	5.02301934739	0.925302445093
L.025.M1	32.574647	137.75	119.0	5.16550507091	0.953649590582
CS.372	41.102106	200.230769231	134.0	5.39362304248	0.95920586731
CS.323	40.379522	177.615384615	137.0	5.56069696203	0.964361005899
L.006.M5	45.872499	171.076923077	142.0	5.10504416142	0.921987618334
CS.281	42.695142	188.285714286	139.0	4.47659715565	0.887883929109
L.006.M2	43.087415	139.882352941	116.0	4.97422188777	0.944874391732
CS.158	39.909728	158.916666667	142.0	5.49213891304	0.962322692525
L.025.M6	33.729457	147.214285714	124.0	5.02085671325	0.941863590227
CS.213	30.776576	167.0	105.0	5.21345493132	0.957718967846
L.022.M3	41.493324	145.076923077	122.0	5.10113344388	0.931353801195
L.001.M4	32.074083	115.117647059	96.0	4.23540761286	0.9073271974
L.008.M2	31.779142	149.833333333	116.0	4.95807946191	0.93265644293
TFSCS027	32.361293	140.272727273	113.0	4.46584796571	0.9174646952
L.004.M2	38.597038	135.866666667	119.0	4.63728652117	0.910062367466
BLANK.B01.049	41.42165	125.545454545	110.0	4.94110550001	0.922615000799
CS.256	30.005911	121.375	100.0	4.85118695462	0.934246496517
CS.089	40.594997	195.166666667	164.0	5.29263127054	0.928748668757
L.022.M6	42.660046	138.0	129.0	5.48825726051	0.958077817325
CS.255	39.744692	187.235294118	139.0	5.40854936778	0.959561696171
CS.227	28.303041	111.090909091	92.0	4.73113786879	0.937751924304
T.CS.050	36.109784	160.476190476	127.0	4.69100053155	0.906620976791
T.CS.031	43.645007	161.461538462	128.0	5.02992005765	0.930984983675
T.CS.164	40.207551	149.076923077	120.0	5.20630405016	0.954894689534
T.CS.149	35.402529	158.894736842	136.0	5.08037139335	0.939644945928
CS.329	32.014479	131.769230769	114.0	5.22966720635	0.948977297862
T.CS.102	44.680727	138.315789474	125.0	4.89911049307	0.931097350683
T.CS.085	35.910312	140.75	122.0	4.80863362908	0.921185644118
CS.196	36.588727	148.0	117.0	4.7973445423	0.937866254715
T.CS.128	55.241451	258.5	179.0	5.58958884959	0.956976952907
CS.154	22.572044	74.8	67.0	4.4126154263	0.929411392459
CS.170	34.499141	148.363636364	114.0	5.00958106229	0.937481578947
CS.189	36.181377	146.176470588	117.0	4.927130228	0.940817399004
CS.072	49.502433	184.0625	155.0	5.46104110576	0.945740554092
CS.166	38.936691	167.25	131.0	5.25581729774	0.94919553755
CS.290	29.949648	153.333333333	105.0	4.83591588644	0.927761983719
L.005.M1	33.953906	136.090909091	117.0	4.9335241001	0.927655960009
CS.035	38.869887	149.0	122.0	4.79593644655	0.902964216016
CS.108	42.480251	197.090909091	115.0	4.32203888978	0.870395605121
T.CS.064	41.124701	188.117647059	135.0	4.82597433452	0.917202354482
T.CS.066	42.643904	185.866666667	139.0	5.12409532557	0.933153485707
CS.296	40.37701	165.714285714	128.0	4.95000427324	0.932235821802
L.033.M2	38.104909	146.4	123.0	5.1893035849	0.942358820633
CS.043	35.782354	162.0	135.0	5.56597406544	0.962694379633
CS.191	39.201261	144.0	117.0	4.63072659021	0.888348047144
CS.011	50.019934	181.066666667	154.0	5.64773664846	0.956436413224
T.CS.076	43.952764	201.214285714	151.0	5.8038326134	0.969251085214
CS.224	28.37251	121.545454545	92.0	4.31063814261	0.892345835749
CS.082	51.930296	233.882352941	173.0	5.71765381596	0.958950322983
T.CS.098	45.12718	196.333333333	153.0	5.39593244286	0.952784787501
CS.012	45.308002	174.0	141.0	5.60248839308	0.964228853839
T.CS.062	38.054727	142.25	125.0	4.99244443585	0.926572162085
CS.243	29.465821	130.0	105.0	4.75823337623	0.93118328728
CS.373	43.580518	214.0	145.0	4.98182561712	0.924498507475
CS.389	35.06011	156.75	118.0	5.23900259547	0.956488367862
IMP000.L.T17	35.188626	153.066666667	126.0	5.23433432647	0.947383015409
CS.008	36.384005	156.230769231	125.0	5.1550038989	0.943753440201
L.012.M2	37.031796	154.25	125.0	5.4106159082	0.960102386885
CS.132	43.687834	176.8	152.0	5.64950362554	0.963293670347
CS.136	40.7831	210.315789474	165.0	5.71213977284	0.966347817728
CS.249	36.99972	190.4375	134.0	5.29326709624	0.958454337423
CS.122	37.706553	128.25	114.0	4.73109669518	0.897155113518
CS.102	36.960603	164.5	139.0	4.69517616669	0.898759968135
CS.348	35.999075	153.769230769	118.0	5.04196683696	0.951282029789
T.CS.007	28.890503	107.272727273	90.0	4.59773898192	0.931425087792
T.CS.132	45.475023	173.473684211	149.0	5.40838173836	0.947734917467
CS.223	35.39029	172.153846154	129.0	5.50614607252	0.965899860002
CS.359	27.534317	117.272727273	90.0	4.69787500223	0.944999747401
T.CS.082	38.140185	146.833333333	113.0	4.51727641709	0.902542386641
CS.039	37.946609	200.111111111	134.0	5.40298300979	0.954901183863
CS.337	29.197522	107.833333333	95.0	4.58899603807	0.924674156441
CS.242	43.092868	173.615384615	133.0	4.95608786128	0.918055528181
T.CS.030	31.631315	154.166666667	112.0	5.11644059174	0.947323811287
L.034.M4	35.597928	157.153846154	119.0	4.7158788893	0.91381533494
L.031.M6	43.891782	167.333333333	126.0	5.24311629253	0.95428558181
CS.334	29.027258	117.615384615	103.0	5.10945164394	0.952129917406
CS.003	45.959672	160.05	132.0	4.95077381254	0.924197804901
CS.058	40.249733	181.0	148.0	5.60063563485	0.96492404919
T.CS.034	38.577607	176.25	125.0	4.57887835164	0.908928880368
L.007.M5	46.673162	214.25	131.0	5.32729936595	0.95358404316
L.036.M4	33.729896	124.0	107.0	5.04627212323	0.940638578388
T.CS.079	32.516725	156.214285714	123.0	5.25622342161	0.95473263335
CS.138	35.398849	168.6	128.0	5.07488767952	0.933681489823
CS.019	31.834653	149.769230769	114.0	4.68751693743	0.909440271082
CS.046	40.54965	205.3	135.0	4.88162643281	0.920250611656
CS.200	49.329057	241.166666667	191.0	6.23848535009	0.976867725831
CS.254	39.777669	137.0	127.0	5.24373020255	0.946797015417
L.012.M1	38.421004	140.5	124.0	5.46800798926	0.963927396111
CS.070	30.80732	131.076923077	102.0	4.59872727242	0.930450032136
CS.379	27.933291	112.333333333	89.0	4.63460800389	0.93347216096
CS.294	24.514186	143.25	62.0	3.62474250609	0.873316996318
CS.208	52.363144	240.058823529	168.0	5.24964291185	0.931549839337
T.CS.016	43.054123	165.428571429	130.0	5.47544541669	0.963605247147
CS.210	31.270474	129.272727273	112.0	5.14738999049	0.94243176857
CS.222	34.689632	184.909090909	121.0	5.04893618447	0.950297157122
T.CS.171	33.401289	170.0	119.0	4.78180007852	0.932415548604
CS.042	31.300724	125.0	104.0	4.87541189028	0.925871680652
T.CS.114	43.311371	152.647058824	132.0	5.0103090865	0.923084102855
L.033.M1	33.975341	136.4	113.0	5.00701065948	0.943296118558
IMP000.L.T19	38.931908	162.428571429	127.0	5.1861879784	0.946020716459
CS.106	41.90037	213.235294118	165.0	5.64933663774	0.959907254929
CS.325	21.01367	86.0	71.0	4.44695240468	0.926858818783
CS.381	38.18915	160.0	133.0	5.49123519777	0.961356396662
CS.207	35.666219	183.476190476	132.0	4.94815776812	0.940976283538
CS.115	33.655085	163.0	119.0	5.17867466162	0.955585504988
L.002.M0	34.960159	248.0	122.0	5.21038709074	0.954538558611
CS.141	43.000901	200.2	140.0	5.0759330261	0.936476921229
L.032.M1	36.816612	174.1875	137.0	5.23167923341	0.947537217985
CS.230	27.883515	134.875	106.0	4.96983283369	0.931356066659
L.022.M2	50.851195	146.066666667	137.0	5.82857972768	0.971219018177
L.036.M5	38.799942	157.4	142.0	5.65883233294	0.961128037902
CS.084	48.999728	216.315789474	171.0	5.84449232921	0.968126962033
CS.251	37.879772	174.055555556	141.0	4.65143148058	0.895056387774
CS.338	34.608335	154.352941176	127.0	5.20576364157	0.948249177769
CS.333	36.993062	166.6	126.0	5.48839343296	0.96236754871
CS.128	33.812082	148.083333333	121.0	5.3198614744	0.952974633374
TFSCS024	32.202516	141.833333333	108.0	4.88103565116	0.941091218073
CS.092	48.709389	205.25	164.0	5.50661524507	0.959111019888
L.025.M5	34.605411	138.714285714	119.0	5.33950883673	0.956502413738
CS.339	24.484958	117.0	75.0	4.34870428051	0.90906797985
IMP000.L.T37	32.626785	148.625	125.0	5.19700084325	0.943824273705
CS.206	38.558934	176.0	139.0	5.21065726122	0.94440408143
L.003.M2	31.852173	128.111111111	100.0	4.76786918533	0.931393522329
CS.369	27.317115	108.928571429	98.0	4.65975853248	0.933020427461
L.025.M4	34.80703	163.625	123.0	5.06684548675	0.936826104729
T.CS.026	27.692644	102.769230769	91.0	4.83154889511	0.948893626729
T.CS.135	36.023149	166.875	123.0	5.26740467825	0.95470001067
CS.358	24.325687	93.3333333333	80.0	4.39925621478	0.910335884472
L.006.M6	53.479487	180.461538462	147.0	5.56078098835	0.955841653438
CS.295	35.692686	191.125	121.0	4.72710675384	0.899706629978
CS.066	30.334917	136.0	97.0	4.2731479928	0.861030932568
T.CS.055	33.694215	157.5	111.0	4.88246491049	0.941893192289
T.CS.134	46.531374	165.0	135.0	4.53085523804	0.886064157484
CS.302	25.98218	102.125	83.0	4.82434588361	0.945475645848
CS.277	34.802334	168.272727273	126.0	5.24715797036	0.955334189528
T.CS.046	36.522293	176.75	130.0	5.14818044452	0.94856906127
CS.199	36.29516	138.0	115.0	5.09353324014	0.947949985505
CS.219	45.375609	173.714285714	136.0	5.11686935898	0.943585644843
T.CS.037	44.648356	187.15	142.0	4.92563389771	0.93157158779
CS.096	36.603457	165.833333333	132.0	5.61084056994	0.96580002856
CS.045	35.529542	172.555555556	145.0	5.56206492657	0.960809815742
IMP000.L.T03	30.491066	140.25	111.0	5.18610628577	0.948447330343
CS.091	34.697812	211.875	124.0	5.2518051513	0.957369482283
T.CS.159	50.538045	205.647058824	155.0	5.37759745259	0.950262420009
CS.078	32.407932	114.833333333	99.0	4.84416991117	0.939430784075
L.031.M0	44.449734	186.076923077	132.0	4.6207330911	0.917474814272
CS.024	51.606747	240.461538462	171.0	5.7699002518	0.960238767811
CS.216	35.252853	118.545454545	109.0	5.03704290925	0.935360047532
CS.364	29.747968	164.142857143	102.0	4.85959825977	0.944857476269
CS.258	51.820148	185.2	150.0	5.67268201444	0.96196792088
T.CS.032	45.478652	201.125	142.0	5.21514762032	0.950246712793
CS.030	44.937407	188.5	146.0	5.15642040313	0.931591372842
CS.114	37.567461	175.461538462	142.0	5.73268534593	0.969765194485
CS.040	38.411066	143.2	118.0	4.57801334366	0.898968239782
IMP000.L.T30	30.827606	153.833333333	120.0	4.95977893933	0.938357105223
CS.268	34.204378	153.555555556	131.0	5.53967534251	0.965885663095
CS.133	31.34375	143.0	113.0	4.92932978189	0.939423232528
L.003.M5	35.372802	139.473684211	121.0	4.87657480814	0.926384883738
CS.326	32.911524	142.833333333	117.0	5.15509656019	0.956009297766
CS.028	42.987641	174.375	151.0	5.44944930147	0.953568033882
L.022.M4	43.769701	126.0	118.0	5.25233923965	0.948084403029
L.011.M1	39.643617	167.272727273	125.0	5.11482734748	0.943251413404
CS.248	44.707954	205.0	153.0	5.82399416339	0.96987861871
L.022.M5	41.035029	126.571428571	118.0	5.45872613256	0.962198092011
L.032.M0	39.392004	157.0	122.0	5.30393267991	0.961749530162
CS.190	38.26992	152.333333333	133.0	5.35694075817	0.949944650941
L.036.M0	34.833148	157.25	128.0	5.17320390524	0.93129746666
T.CS.068	38.044506	196.0	130.0	4.69873923213	0.914993527192
L.004.M3	48.891999	153.071428571	128.0	5.2864109449	0.951917567925
T.CS.059	47.076668	179.066666667	146.0	5.36911965643	0.951793722566
CS.345.0	32.91534	144.272727273	102.0	4.43771805107	0.915782059656
CS.298	41.574117	181.75	152.0	5.34929729496	0.947532687057
T.CS.052	35.843582	147.214285714	124.0	5.511864889	0.96603488165
T.CS.045	35.315721	145.076923077	116.0	4.42550360332	0.881662361153
CS.172	38.591008	177.461538462	129.0	4.93663834305	0.917841970452
T.CS.146	31.841782	145.1	110.0	4.95335738593	0.936533255764
T.CS.033	36.66841	154.9375	133.0	5.25806981987	0.94251664795
CS.167	30.332183	118.6	91.0	4.39693287566	0.892765399661
CS.090	42.978905	168.166666667	137.0	5.10449640278	0.939874210873
T.CS.123	36.239592	134.142857143	121.0	5.08910251522	0.947156015928
CS.037	27.237347	108.75	96.0	4.94562073212	0.944879073691
T.CS.101	33.642688	139.111111111	103.0	4.71454425159	0.929949364617
L.002.M5	30.684948	103.1	94.0	4.93805139934	0.945213456161
CS.229	34.475879	147.272727273	120.0	5.11692430559	0.945758828834
CS.055	33.404175	166.75	128.0	5.17864710299	0.944256524215
CS.073	33.469404	141.105263158	124.0	5.19709004287	0.950244749391
CS.038	29.649509	129.0	99.0	4.19399617058	0.826702811388
T.CS.002	34.270157	161.055555556	128.0	5.2173504225	0.9525464607
CS.181	36.365153	148.230769231	117.0	5.04964588919	0.944684847921
CS.059	47.015459	161.076923077	142.0	5.42995977164	0.957145956513
CS.099	41.311066	161.0	128.0	4.41631418906	0.865600222197
CS.237	43.34846	235.894736842	174.0	5.31629059748	0.941903311361
T.CS.119	52.757709	206.15	161.0	5.53470473066	0.958567610618
CS.076	39.474735	172.176470588	133.0	5.10984706841	0.948775973638
L.024.M2	35.945319	165.333333333	117.0	4.8715694373	0.928712270304
CS.147	39.033318	176.571428571	129.0	5.24500973788	0.956427955492
CS.125	31.655259	121.928571429	111.0	5.07560955565	0.938117117082
BLANK.G12.048	47.87859	189.625	149.0	5.49288619351	0.945605381413
CS.177	28.686958	135.833333333	102.0	4.62283710669	0.92421230387
CS.157	27.278854	116.5	91.0	4.44979058109	0.906915487096
L.003.M0	44.957941	163.882352941	140.0	5.37537609886	0.949755711253
CS.020	29.208702	117.571428571	104.0	5.09822358596	0.947589927778
CS.010	39.540765	118.5	116.0	5.88389609642	0.9673156239
L.031.M1	52.470935	231.0	165.0	5.81297652308	0.970823015089
BLANK.A01.049	43.18086	133.272727273	106.0	5.41253030338	0.952251799364
CS.361	32.895784	156.333333333	115.0	5.00552436792	0.94329642062
L.003.M1	31.405838	124.6	97.0	4.57565882047	0.919625192593
CS.247	42.443643	181.4	144.0	5.65881623333	0.96474613476
CS.006	40.424389	163.055555556	130.0	4.83490330015	0.914642229259
BLANK.H12.048	42.866266	154.166666667	123.0	4.15396544542	0.848073989446
CS.017	33.028443	128.588235294	115.0	4.64360110663	0.905002680421
CS.068	33.225378	160.769230769	115.0	4.62589679945	0.925744059519
CS.032	35.589427	116.428571429	95.0	4.14432155513	0.885502473471
CS.146	32.070241	137.230769231	116.0	4.89933216884	0.923703480681
CS.395	40.597377	186.583333333	137.0	5.64205716283	0.96598927031
T.CS.163	36.760072	169.153846154	126.0	4.96312071919	0.937343838742
CS.129	41.642237	160.217391304	140.0	5.44052131253	0.95944087143
CS.366	26.393779	127.142857143	91.0	4.57420607415	0.923238456461
CS.013	51.89865	229.235294118	181.0	5.60569829424	0.946102877283
T.CS.029	50.113073	217.217391304	185.0	5.84875356051	0.958672124018
CS.018	28.692557	108.0	96.0	4.7286832688	0.923179403369
T.CS.077	38.559843	187.214285714	137.0	5.09851577678	0.937152331529
CS.292	39.324054	167.2	132.0	5.20842981771	0.946354041712
L.003.M4	45.436199	202.105263158	150.0	5.28938981195	0.948967480852
L.001.M3	36.078322	125.4	114.0	4.45328241384	0.858304673327
CS.044	30.612061	138.363636364	104.0	4.62500948298	0.901098228928
CS.184	28.029556	149.0	105.0	4.5807419785	0.929277428028
CS.312	39.530775	160.071428571	135.0	5.57573791696	0.963696771888
CS.354	33.327076	131.055555556	113.0	4.76111651829	0.912203230838
TFSCS021	37.860532	199.5	150.0	5.23314394824	0.945386990694
L.034.M6	37.441	156.545454545	127.0	5.55109888002	0.960787312134
CS.252	41.534106	165.368421053	144.0	5.58163577855	0.958694929688
L.001.M5	42.541804	199.235294118	141.0	4.62899199833	0.900598165533
CS.052	43.12776	220.230769231	154.0	5.28467940826	0.944468722666
IMP000.L.T38	33.688187	170.0	128.0	5.11435047455	0.940957102611
L.002.M4	41.42261	152.117647059	133.0	5.14472651999	0.934468511978
CS.049	28.416406	135.5	89.0	4.26947392454	0.90500570104
CS.347.0	36.59115	148.461538462	115.0	5.17667149477	0.9516263803
L.002.M2	37.968377	156.058823529	119.0	3.98425159243	0.821208910432
CS.009	32.02102	127.25	108.0	5.16856476633	0.956501356522
TFS.023	33.230572	130.071428571	105.0	4.97082673177	0.94455752885
CS.080	32.47391	155.714285714	118.0	4.89939279791	0.938543326355
T.CS.063	42.891546	177.571428571	130.0	4.66533053868	0.906012020098
CS.041	32.076568	150.071428571	119.0	4.61676366957	0.905070795369
CS.257	42.119729	224.5	151.0	4.96558177172	0.913436700409
L.001.M6	38.208119	137.0	118.0	5.4364616934	0.946977497374
